100
6 6 2 3
1 7 5
100 1 5 3
1 50 7
0 1 255 3
1 7 112
1 0 1 3
19 100 249
1 0 0 3
1 3 2
1 0 0 3
13 12 13
255 0 0 2
100 200
255 0 0 3
111 220 125
255 0 0 3
0 169 255
255 255 255 3
255 0 255
2 2 254 3
255 0 255
255 255 0 1
13
44 37 33 3
10 40 40
216 18 16 2
27 106
56 53 68 3
93 117 132
91 16 8 3
20 38 36
255 20 11 2
20 202
163 123 141 3
25 2 8
82 23 42 2
10 133
193 29 26 2
66 31
255 11 7 3
110 50 20
255 6 3 2
209 196
44 43 63 2
114 95
255 113 195 2
98 176
170 61 36 3
55 43 136
171 3 3 2
68 39
249 39 28 3
92 16 115
25 1 2 3
19 6 32
255 57 56 2
111 55
109 43 45 2
36 66
255 138 182 3
68 28 249
255 72 93 2
147 223
255 0 0 3
30 61 148
84 14 8 3
12 6 10
217 18 13 3
164 104 157
103 7 11 3
121 128 47
255 11 15 2
28 136
88 73 49 3
62 41 58
210 125 127 3
76 58 79
82 31 18 2
41 4
153 39 57 2
56 59
121 2 2 3
78 85 53
141 33 17 3
35 20 46
209 47 65 3
84 85 65
51 50 53 3
24 61 46
109 111 68 3
57 104 9
255 16 18 3
114 146 65
243 39 67 3
231 68 55
245 29 28 3
35 44 47
64 116 68 2
19 37
212 30 17 3
81 25 42
30 6 5 2
7 32
239 24 13 3
92 106 166
86 48 32 3
165 0 76
38 1 1 3
42 24 17
255 25 27 3
132 104 63
41 21 35 3
64 35 77
183 27 25 2
75 23
22 2 2 2
34 4
145 50 28 2
9 40
243 25 48 2
110 6
253 115 68 2
31 145
151 30 24 2
10 124
27 0 1 2
22 0
161 72 58 2
130 17
36 14 8 2
49 36
192 15 13 3
91 51 127
255 167 84 2
202 54
239 180 100 2
16 24
116 102 55 3
24 2 53
33 0 0 3
18 4 13
91 71 67 2
94 166
200 111 88 3
72 66 28
119 16 27 2
37 16
142 58 35 3
62 10 59
138 151 114 3
159 113 37
39 0 0 3
132 39 12
192 42 42 3
43 94 115
255 31 24 2
90 187
24 0 0 3
7 12 13
95 79 42 2
34 22
56 5 3 2
49 32
243 4 3 2
43 8
255 6 11 3
57 0 48
95 7 7 3
67 73 0
177 79 43 3
10 26 12
64 44 54 2
64 236
41 1 2 3
9 46 32
161 24 23 2
46 67
29 4 3 3
3 0 23
28 9 14 2
17 8
43 5 4 2
157 164
255 102 61 2
142 126
170 56 31 2
169 71
157 18 28 2
87 5
81 4 6 3
32 62 77
80 216 134 3
109 116 27
43 29 20 3
5 19 18
255 40 41 3
14 162 58
255 17 16 3
53 164 168
