100
6 6 2 3
1 7 5
100 1 5 3
1 50 7
0 1 255 3
21 177 65
1 0 1 3
44 116 220
1 0 0 3
1 3 2
1 0 0 3
13 12 13
255 0 0 2
100 200
255 0 0 3
111 220 125
255 0 0 3
0 169 255
255 255 255 3
255 0 255
2 2 254 3
255 0 255
255 255 0 1
13
73 47 47 2
77 75
87 51 58 2
43 6
206 61 54 2
34 199
255 89 102 2
136 176
43 3 3 3
4 40 0
255 147 83 3
173 7 17
77 91 60 2
40 4
255 47 41 2
193 203
94 22 24 2
13 29
87 34 22 2
19 105
99 18 12 2
60 88
98 11 7 3
43 57 85
19 0 0 3
34 15 1
95 91 62 3
101 215 37
182 45 26 3
86 96 203
148 32 34 3
16 59 85
255 3 3 3
151 174 138
253 56 102 3
62 24 49
143 15 9 3
0 69 80
255 24 15 2
41 148
255 37 22 2
3 131
30 3 2 2
22 17
164 48 29 3
152 165 19
25 17 11 3
4 7 8
255 24 14 3
182 207 93
176 6 3 3
77 5 6
79 75 49 3
53 46 32
35 1 1 3
33 11 33
57 17 35 3
84 70 3
108 40 67 3
128 34 109
255 0 1 2
48 58
30 40 22 2
5 40
255 15 10 3
195 236 133
255 121 93 3
55 193 40
116 59 59 2
46 114
120 40 25 2
37 126
231 20 14 2
89 20
255 30 26 3
30 124 149
62 81 58 2
81 7
23 17 32 2
38 29
255 2 1 3
230 238 42
74 4 4 2
8 11
104 80 47 2
65 8
231 36 22 2
44 84
217 83 90 3
206 197 169
85 20 23 3
4 7 55
79 27 26 3
25 52 42
74 28 33 3
41 15 29
255 144 75 2
5 86
46 45 27 2
32 37
255 47 26 3
157 109 138
124 85 74 2
127 9
241 10 15 3
145 130 0
106 7 5 3
6 9 27
105 63 51 2
101 11
212 25 27 3
69 139 24
42 44 22 3
67 75 109
125 6 3 3
81 9 68
225 169 124 2
34 70
67 10 9 2
32 2
93 8 4 2
2 24
250 17 11 3
10 34 56
93 103 59 3
15 109 80
105 14 24 3
86 120 89
166 3 7 3
92 72 62
255 5 5 3
96 224 48
255 24 19 3
170 75 98
131 6 4 3
49 5 117
56 56 42 2
80 55
105 109 60 2
36 42
10 4 6 3
2 12 2
96 0 0 3
52 10 132
251 65 50 2
146 94
109 43 42 2
33 40
113 3 6 2
38 50
17 20 17 2
25 44
255 156 121 2
46 246
90 6 7 3
38 55 11
112 99 55 3
12 12 5
238 22 25 3
102 120 108
28 39 32 2
58 49
78 0 0 2
42 33
255 179 122 2
179 43
19 12 6 2
0 5
177 154 81 2
23 155
255 19 22 2
117 52
141 154 202 3
131 201 108
82 26 15 2
21 61
