50
10
0.77 0.04 0.37 0.85 0.90 0.35 0.48 0.15 0.83 0.87
0.08 0.46 0.17 0.58 0.63 0.02 0.13 0.79 0.50 0.67
6
0.69 0.91 0.46 0.40 0.60 0.80
0.20 0.03 0.37 0.14 0.17 0.09
9
0.46 0.74 0.54 0.21 0.61 0.62 0.93 0.33 0.66
0.30 0.23 0.59 0.43 0.90 0.13 0.87 0.26 0.44
2
0.8 0.4
0.7 0.9
10
0.942 0.068 0.262 0.709 0.117 0.175 0.039 0.961 0.757 0.583
0.078 0.136 0.845 0.602 0.515 0.311 0.641 0.806 0.913 0.544
2
0.28 0.17
0.39 0.72
10
0.25 0.29 0.33 0.38 0.08 0.04 0.17 0.42 0.21 0.12
0.67 0.50 0.75 0.83 0.46 0.62 0.96 0.54 0.71 0.87
8
0.38 0.15 0.68 0.22 0.33 0.71 0.48 0.29
0.28 0.04 0.93 0.52 0.43 0.30 0.53 0.13
10
0.70 0.04 0.09 0.82 0.19 0.44 0.76 0.07 0.97 0.18
0.55 0.59 0.57 0.46 0.84 0.15 0.79 0.51 0.71 0.80
4
0.38 0.09 0.62 0.44
0.28 0.78 0.88 0.75
10
0.88 0.19 0.79 0.56 0.60 0.42 0.83 0.69 0.48 0.10
0.37 0.94 0.46 0.35 0.96 0.77 0.58 0.08 0.44 0.25
10
0.13 0.16 0.24 0.18 0.20 0.29 0.09 0.11 0.12 0.23
0.78 0.39 0.88 0.59 0.91 0.32 0.49 0.41 0.69 0.60
6
0.24 0.02 0.07 0.26 0.33 0.10
0.60 0.74 0.98 0.86 0.50 0.38
3
0.62 0.69 0.92
0.46 0.38 0.54
10
0.53 0.31 0.22 0.20 0.29 0.73 0.42 0.24 0.69 0.13
0.76 0.51 0.35 0.07 0.55 0.89 0.87 0.40 0.47 0.36
10
0.05 0.57 0.13 0.07 0.89 0.33 0.92 0.39 0.81 0.80
0.30 0.90 0.53 0.98 0.78 0.70 0.08 0.43 0.58 0.99
5
0.48 0.96 0.87 0.17 0.04
0.61 0.91 0.39 0.13 0.65
5
0.24 0.29 0.35 0.18 0.41
0.71 0.94 0.65 0.47 0.88
10
0.61 0.71 0.68 0.79 0.84 0.97 0.92 0.76 0.53 0.74
0.34 0.11 0.26 0.29 0.47 0.45 0.21 0.18 0.08 0.24
7
0.73 0.94 0.68 0.81 0.69 0.83 0.95
0.36 0.47 0.26 0.16 0.42 0.64 0.39
9
0.29 0.88 0.12 0.54 0.66 0.39 0.61 0.56 0.17
0.98 0.51 0.37 0.78 0.59 0.80 0.63 0.22 0.02
10
0.89 0.25 0.60 0.63 0.61 0.91 0.67 0.12 0.44 0.19
0.26 0.46 0.16 0.30 0.35 0.53 0.65 0.75 0.07 0.11
7
0.59 0.31 0.06 0.56 0.77 0.92 0.91
0.42 0.12 0.10 0.99 0.76 0.28 0.74
10
0.92 0.95 0.84 0.58 0.53 0.34 0.44 0.05 0.40 0.81
0.56 0.48 0.12 0.29 0.66 0.68 0.18 0.77 0.15 0.74
10
0.83 0.90 0.60 0.47 0.57 0.97 0.77 0.73 0.43 0.27
0.20 0.80 0.93 0.63 0.53 0.23 0.30 0.10 0.50 0.70
8
0.93 0.91 0.36 0.55 0.75 0.39 0.97 0.18
0.86 0.34 0.03 0.13 0.72 0.67 0.59 0.28
10
0.73 0.33 0.85 0.36 0.03 0.64 0.94 0.97 0.58 0.76
0.52 0.27 0.21 0.79 0.24 0.30 0.42 0.09 0.70 0.67
8
0.86 0.58 0.75 0.78 0.53 0.74 0.80 0.47
0.12 0.39 0.34 0.43 0.28 0.40 0.44 0.31
10
0.08 0.18 0.26 0.05 0.21 0.49 0.44 0.15 0.38 0.36
0.97 0.82 0.59 0.62 0.92 0.90 0.69 0.85 0.72 0.67
10
0.991 0.895 0.386 0.009 0.132 0.500 0.342 0.518 0.430 0.211
0.947 0.763 0.140 0.307 0.158 0.491 0.237 0.623 0.868 0.246
10
0.46 0.22 0.20 0.06 0.12 0.28 0.02 0.18 0.30 0.42
0.68 0.50 0.52 0.88 0.56 0.90 0.58 0.96 0.54 0.62
10
0.991 0.622 0.468 0.135 0.198 0.027 0.162 0.054 0.766 0.964
0.324 0.946 0.450 0.550 0.667 0.252 0.541 0.180 0.432 0.297
10
0.33 0.50 0.54 0.88 0.08 0.29 0.67 0.10 0.92 0.73
0.42 0.83 0.52 0.77 0.25 0.02 0.75 0.69 0.58 0.35
10
0.964 0.333 0.658 0.297 0.468 0.432 0.703 0.036 0.477 0.009
0.423 0.874 0.351 0.099 0.459 0.450 0.676 0.955 0.405 0.261
9
0.50 0.61 0.11 0.47 0.97 0.31 0.64 0.83 0.44
0.75 0.81 0.56 0.94 0.14 0.53 0.03 0.08 0.19
10
0.049 0.157 0.500 0.265 0.990 0.775 0.667 0.578 0.098 0.618
0.373 0.961 0.461 0.510 0.294 0.343 0.804 0.608 0.892 0.020
10
0.697 0.679 0.624 0.917 0.606 0.954 0.862 0.550 0.725 0.734
0.266 0.028 0.257 0.055 0.018 0.376 0.064 0.220 0.431 0.312
1
0.3
0.7
3
0.91 0.44 0.94
0.35 0.85 0.79
10
0.37 0.72 0.55 0.69 0.58 0.46 0.29 0.48 0.22 0.17
0.02 0.52 0.25 0.11 0.03 0.15 0.26 0.32 0.14 0.23
10
0.10 0.54 0.19 0.49 0.25 0.63 0.24 0.66 0.31 0.58
0.17 0.61 0.27 0.46 0.56 0.69 0.15 0.76 0.59 0.42
10
0.03 0.15 0.54 0.26 0.74 0.33 0.21 0.64 0.79 0.87
0.44 0.59 0.05 0.92 0.36 0.67 0.97 0.62 0.51 0.72
1
0.36
0.73
10
0.19 0.06 0.58 0.90 0.63 0.95 0.89 0.03 0.53 0.50
0.97 0.37 0.32 0.65 0.79 0.68 0.74 0.40 0.94 0.73
4
0.48 0.41 0.85 0.70
0.52 0.33 0.44 0.19
2
0.4 0.3
0.9 0.6
10
0.45 0.34 0.35 0.63 0.52 0.68 0.80 0.32 0.94 0.96
0.90 0.87 0.92 0.20 0.03 0.24 0.28 0.06 0.62 0.55
10
0.867 0.058 0.917 0.358 0.133 0.350 0.767 0.442 0.192 0.275
0.575 0.658 0.733 0.600 0.083 0.908 0.567 0.525 0.292 0.592
1
0.8
0.2
10
0.21 0.65 0.46 0.39 0.06 0.94 0.99 0.45 0.56 0.23
0.20 0.10 0.90 0.86 0.93 0.08 0.80 0.48 0.73 0.28
