50
10
0.62 0.63 0.89 0.88 0.92 0.60 0.83 0.91 0.80 0.69
0.40 0.58 0.38 0.42 0.25 0.52 0.54 0.45 0.51 0.28
10
0.11 0.21 0.35 0.48 0.02 0.34 0.43 0.39 0.16 0.08
0.92 0.57 0.60 0.73 0.87 0.59 0.51 0.71 0.93 0.89
10
0.83 0.08 0.41 0.14 0.29 0.95 0.71 0.10 0.15 0.37
0.56 0.12 0.47 0.90 0.85 0.97 0.25 0.31 0.64 0.19
1
0.55
0.09
10
0.90 0.56 0.67 0.86 0.75 0.79 0.65 0.31 0.77 0.55
0.38 0.95 0.23 0.53 0.40 0.10 0.18 0.57 0.39 0.30
10
0.551 0.822 0.411 0.131 0.832 0.953 0.785 0.140 0.019 0.654
0.421 0.729 0.766 0.888 0.234 0.477 0.150 0.271 0.505 0.636
10
0.67 0.40 0.10 0.80 0.33 0.63 0.50 0.07 0.37 0.47
0.73 0.27 0.23 0.20 0.43 0.70 0.13 0.03 0.93 0.87
10
0.74 0.67 0.77 0.81 0.75 0.23 0.98 0.09 0.91 0.21
0.02 0.88 0.86 0.19 0.96 0.46 0.04 0.51 0.47 0.05
7
0.33 0.68 0.35 0.78 0.98 0.75 0.80
0.93 0.40 0.95 0.27 0.08 0.22 0.65
10
0.76 0.35 0.97 0.72 0.99 0.84 0.14 0.10 0.94 0.03
0.96 0.11 0.43 0.38 0.15 0.46 0.24 0.70 0.04 0.75
10
0.333 0.949 0.410 0.983 0.462 0.376 0.171 0.880 0.060 0.598
0.085 0.316 0.650 0.991 0.795 0.829 0.932 0.188 0.145 0.419
10
0.87 0.76 0.28 0.50 0.15 0.39 0.30 0.54 0.13 0.04
0.57 0.91 0.59 0.43 0.61 0.67 0.09 0.83 0.22 0.41
5
0.63 0.52 0.89 0.04 0.22
0.56 0.81 0.26 0.74 0.11
10
0.302 0.647 0.164 0.328 0.405 0.595 0.491 0.578 0.991 0.845
0.853 0.078 0.474 0.112 0.922 0.698 0.095 0.534 0.293 0.966
6
0.63 0.66 0.32 0.12 0.90 0.61
0.78 0.39 0.51 0.20 0.54 0.10
10
0.27 0.86 0.30 0.84 0.78 0.75 0.48 0.10 0.94 0.41
0.01 0.34 0.96 0.19 0.81 0.25 0.39 0.73 0.22 0.68
10
0.15 0.20 0.34 0.10 0.32 0.02 0.24 0.27 0.37 0.39
0.44 0.78 0.61 0.85 0.59 0.80 0.95 0.41 0.66 0.49
10
0.41 0.39 0.80 0.57 0.33 0.76 0.37 0.82 0.18 0.06
0.94 0.63 0.43 0.27 0.08 0.29 0.12 0.31 0.69 0.51
10
0.64 0.22 0.12 0.98 0.84 0.40 0.25 0.23 0.81 0.30
0.43 0.41 0.09 0.87 0.96 0.97 0.95 0.83 0.26 0.03
5
0.04 0.62 0.12 0.46 0.85
0.92 0.23 0.65 0.08 0.31
6
0.89 0.57 0.85 0.83 0.61 0.65
0.22 0.13 0.33 0.50 0.24 0.02
10
0.52 0.04 0.07 0.44 0.11 0.28 0.06 0.39 0.43 0.26
0.91 0.59 0.80 0.74 0.93 0.61 0.78 0.63 0.67 0.65
10
0.64 0.96 0.75 0.93 0.89 0.79 0.68 0.86 0.82 0.57
0.29 0.21 0.25 0.07 0.14 0.54 0.39 0.18 0.36 0.32
10
0.90 0.59 0.89 0.38 0.28 0.41 0.31 0.71 0.23 0.07
0.44 0.72 0.27 0.91 0.19 0.73 0.16 0.50 0.76 0.22
1
0.1
0.4
10
0.648 0.686 0.762 0.733 0.962 0.705 0.990 0.914 0.952 0.638
0.086 0.533 0.514 0.171 0.457 0.181 0.438 0.562 0.133 0.381
10
0.535 0.009 0.088 0.632 0.921 0.842 0.491 0.833 0.947 0.904
0.167 0.781 0.860 0.693 0.956 0.675 0.289 0.246 0.325 0.228
8
0.30 0.66 0.35 0.58 0.47 0.08 0.15 0.78
0.09 0.49 0.59 0.14 0.61 0.95 0.05 0.69
5
0.06 0.19 0.44 0.31 0.25
0.56 0.94 0.81 0.69 0.62
10
0.613 0.072 0.658 0.207 0.865 0.757 0.784 0.018 0.820 0.802
0.144 0.297 0.937 0.243 0.559 0.694 0.946 0.577 0.045 0.108
10
0.95 0.59 0.07 0.61 0.32 0.83 0.54 0.73 0.56 0.51
0.37 0.29 0.39 0.80 0.90 0.76 0.34 0.22 0.63 0.12
5
0.18 0.27 0.73 0.55 0.09
0.36 0.64 0.45 0.91 0.82
10
0.413 0.257 0.431 0.954 0.725 0.734 0.174 0.532 0.661 0.853
0.321 0.101 0.872 0.945 0.046 0.899 0.606 0.697 0.706 0.294
10
0.500 0.382 0.091 0.764 0.400 0.573 0.036 0.964 0.055 0.309
0.264 0.855 0.355 0.673 0.791 0.827 0.145 0.518 0.300 0.727
7
0.10 0.29 0.23 0.55 0.26 0.18 0.48
0.79 0.74 0.82 0.92 0.56 0.95 0.97
10
0.60 0.01 0.40 0.37 0.27 0.38 0.97 0.30 0.36 0.90
0.99 0.96 0.85 0.74 0.93 0.34 0.52 0.82 0.86 0.75
3
0.40 0.97 0.07
0.20 0.23 0.47
2
0.41 0.18
0.59 0.82
7
0.83 0.71 0.85 0.48 0.69 0.94 0.60
0.42 0.18 0.19 0.10 0.33 0.01 0.32
10
0.22 0.37 0.64 0.06 0.01 0.42 0.24 0.10 0.31 0.36
0.92 0.96 0.79 0.69 0.85 0.99 0.81 0.90 0.78 0.80
9
0.60 0.68 0.64 0.96 0.80 0.72 0.32 0.12 0.84
0.48 0.88 0.40 0.36 0.92 0.76 0.04 0.08 0.56
10
0.47 0.07 0.06 0.28 0.63 0.83 0.80 0.97 0.04 0.61
0.90 0.89 0.77 0.40 0.41 0.32 0.56 0.96 0.21 0.26
2
0.06 0.22
0.67 0.83
10
0.229 0.373 0.008 0.288 0.449 0.415 0.144 0.034 0.059 0.280
0.915 0.797 0.729 0.500 0.907 0.839 0.669 0.958 0.898 0.720
10
0.689 0.934 0.745 0.906 0.670 0.642 0.660 0.623 0.651 0.792
0.179 0.274 0.160 0.491 0.311 0.321 0.094 0.547 0.462 0.132
1
0.8
0.7
5
0.71 0.38 0.73 0.07 0.13
0.11 0.09 0.16 0.22 0.47
1
0.4
0.5
7
0.46 0.04 0.58 0.35 0.54 0.27 0.12
0.31 0.69 0.19 0.08 0.92 0.77 0.15
5
0.83 0.96 0.85 0.54 0.76
0.50 0.26 0.02 0.09 0.48
