50
4 6 4
1 4 2 1
100 10 1
1
5 5 10
2 4 2 3 4 2 1 2 1 3
1 1 1
1
100 2 2
1 2
1000 100 10
4 3 9 1 2 5 6 9 1 10
1 10 10
4 3 4 1 2 5 6 9 1 10
1 10 9
1 1 1 1 1 1 1 1 1
1000 10 9
1 1 1 1 1 1 1 1 1
934 9 10
8 8 8 8 8 8 8 8 8 8
734 3 10
1 2 3 3 2 1 1 2 3 1
345 19 10
10 10 10 10 10 10 10 10 10 10
765 10 10
10 1 10 1 10 1 10 1 10 1
1000 100 10
10 10 10 10 10 10 10 10 10 10
734 20 10
1 2 3 4 5 6 7 8 9 10
631 16 10
10 9 8 7 6 5 4 3 2 1
3 7 5
5 4 1 5 2
4 13 5
10 9 1 2 7
3 10 6
9 5 6 1 3 4
2 6 7
4 5 2 3 5 6 4
599 13 10
10 8 1 7 9 1 7 10 9 3
374 14 9
2 5 6 4 1 3 7 8 7
580 11 9
7 2 4 7 3 4 8 10 6
605 12 10
4 9 4 8 5 5 3 6 1 8
5 22 10
7 10 8 9 9 4 6 2 8 4
8 22 9
5 8 8 4 5 3 4 8 1
5 23 9
6 4 2 9 7 3 7 8 1
5 27 10
1 10 3 4 5 7 6 2 4 5
86 17 9
5 6 6 5 6 5 7 5 8
147 23 9
9 7 8 6 5 8 6 6 8
256 35 10
8 8 5 7 5 9 8 7 8 7
367 49 9
6 6 8 9 6 9 5 9 9
381 34 10
9 7 7 5 7 9 8 8 6 7
268 37 10
5 7 9 9 7 9 7 5 9 8
37 58 10
6 7 6 7 6 7 9 6 9 8
467 34 10
5 6 6 7 9 8 5 5 9 9
431 37 8
5 7 8 5 8 6 9 6
746 12 9
9 9 8 5 6 8 8 6 6
208 51 5
7 7 8 7 8
17 62 5
7 8 5 7 6
133 18 8
7 5 9 9 6 7 6 7
43 27 5
9 5 7 6 8
11 27 5
8 8 6 5 7
897 42 9
8 5 8 8 9 5 9 5 6
74 59 5
6 5 5 7 5
694 26 8
5 7 5 5 5 6 8 7
224 100 8
8 6 9 8 7 9 7 8
824 13 6
8 8 6 6 7 9
407 49 9
8 5 5 8 7 8 6 6 6
503 50 6
5 5 6 8 7 5
