100
495.53138 1.14657 1974.61002
494.67358 1.46573 1975.48399
1.00346 3.43979 1999.47952
498.68832 1.04986 1908.64759
498.36203 1.06512 1906.50065
276.00000 2.00000 317.00000
482.0 1.9602 1500.60025
500.000 3.22 196.05627
492.58364 1.05072 1989.83267
121.80405 3.16183 1750.08053
110.0 4.0 602.0
455.89488 1.65613 1492.16475
245.00000 2.00000 490.00000
491.99771 1.08729 1923.16987
494.46882 1.03620 1951.60130
202.9987 2.5982 1246.0
18.71152 1.05419 47.26709
494.04325 2.00561 1054.07154
484.99794 2.24250 1993.23246
71.17219 1.27777 1160.13852
179.4 3.696 543.28945
117.0 3.0 1946.0
368.00000 2.00000 370.00000
290.13948 3.21578 809.68719
75.0 2.0 716.0
490.84324 1.13389 1999.94549
497.69828 1.35212 1903.13508
462.73841 2.44088 1512.69955
490.39761 1.09286 1994.36347
367.00000 3.00000 410.00000
497.00577 1.28965 1976.12267
181.0 2.0 1115.0
46.2 2.08308 1521.0
490.72280 1.42483 1922.52779
303.0 3.0 154.0
331.0 1.0 1818.0
380.0 1.0 359.0
13.0 2.0 1152.0
480.281 3.0 692.2494
494.52617 1.20472 1902.05363
298.99998 1.74991 1786.37583
497.16054 1.33094 1934.56678
298.06 1.0000 1871.0
498.80009 1.46594 1913.76690
498.64061 1.36302 1903.68131
1.0 2.93 1674.74
1.05905 3.47121 1999.71822
495.67222 1.43710 1947.09622
494.19678 1.19742 1983.55799
490.23772 1.20103 1973.28650
1.68021 3.86901 2.75243
491.00381 1.14667 1916.21757
493.10132 1.40524 1941.23404
403.0 3.0 1126.0
315.00000 2.00000 630.00000
340.0 4.0 343.0
492.23018 1.28589 1990.03276
492.54813 1.27667 1948.82410
252.62 4.00 405.449
399.0 3.0 1799.0
79.0 1.9515 565.9
490.40390 1.03462 1973.51047
496.33342 1.43484 1986.48078
267.90427 2.85029 118.52741
187.0 3.44511 134.0
495.76845 1.05062 1976.30483
464.65284 3.79974 71.14629
104.050 1.4329 643.2
493.38644 1.42937 1939.17213
372.0 1.0 1819.0
494.30153 1.45064 1997.51546
188.41072 2.19558 984.72824
1.09933 3.46662 1999.96989
138.00000 2.00000 276.00000
406.47227 3.23710 1272.26372
275.00000 3.00000 304.00000
81.0 2.9255 546.0
283.3 3.28 1933.0
494.87053 1.09004 1928.64289
121.81190 3.03461 1112.56786
214.0 4.0 190.0
491.86171 1.34545 1901.97356
64.33530 1.09356 343.01596
437.9740 3.32171 471.0
492.05091 1.05997 1926.75934
497.27013 1.21190 1923.98090
259.14919 1.21594 33.71359
192.0 1.0 1.00
173.1587 3.31738 13.0
345.21101 3.11996 823.53749
1.04235 3.39743 1999.60790
496.89028 1.08849 1991.69214
20.24317 3.57065 727.82779
22.97950 2.07637 1034.11483
490.12267 1.32242 1983.61232
420.78006 2.72890 1094.96904
493.18974 1.34316 1975.65034
317.720 2.0322 1793.1
110.6 1.95 2000.0000
98.00000 2.00000 196.00000
