10000
4 9
7 4
9 27
9 95
9 36
6 76
4 42
5 36
8 17
5 55
8 96
7 59
6 75
2 12
8 98
5 24
3 43
1 44
8 14
3 1
3 19
7 65
8 49
8 95
5 94
4 68
10 88
6 32
3 1
5 83
4 27
5 13
4 87
8 95
4 74
2 5
5 69
9 9
4 86
6 33
3 70
4 63
5 10
6 15
2 84
3 6
5 93
10 93
9 78
9 33
3 52
6 91
1 78
1 34
2 50
1 43
4 31
3 40
7 97
8 63
6 50
10 69
1 50
1 43
7 50
9 57
10 39
4 9
3 18
7 38
4 85
5 87
1 23
9 3
8 10
6 86
1 88
10 48
5 75
10 66
5 26
2 22
2 42
9 45
1 90
2 87
4 32
3 59
8 98
2 92
4 34
7 9
10 8
2 9
1 5
9 98
1 49
4 48
7 74
7 61
2 18
6 61
1 78
2 55
1 74
1 78
3 54
7 96
10 72
5 84
7 95
2 0
10 48
7 80
2 45
7 66
2 15
1 71
6 57
5 73
2 74
1 9
9 25
2 27
8 54
4 80
6 98
2 19
2 54
7 34
2 84
8 42
4 87
5 26
2 8
5 14
7 82
7 20
5 51
2 43
10 76
2 52
4 23
10 27
4 44
1 19
2 11
10 13
7 88
10 44
9 14
3 77
7 39
10 22
8 70
7 91
7 14
10 2
6 90
7 78
10 47
3 17
6 22
1 29
8 2
1 40
1 27
9 81
1 73
2 32
6 34
1 43
3 18
2 70
1 14
4 7
1 23
7 28
10 48
4 49
2 7
4 32
3 18
3 36
3 14
8 96
10 39
4 51
5 58
1 48
5 15
9 36
8 68
6 37
5 67
7 22
5 97
7 62
4 38
7 6
1 86
10 65
7 83
6 80
5 60
6 24
10 32
1 39
8 82
6 14
5 81
6 43
5 70
6 21
3 99
8 24
9 54
5 68
7 5
9 14
7 41
6 45
3 3
10 20
2 32
2 19
5 57
2 7
3 78
8 51
5 62
4 23
10 53
1 6
2 44
7 1
4 3
1 96
1 62
8 63
6 67
9 22
7 100
1 92
1 51
10 19
4 74
10 31
2 94
7 25
3 31
8 87
10 77
3 39
1 0
1 83
8 70
8 8
4 98
3 69
2 9
3 41
1 78
7 55
3 85
3 4
7 4
5 89
2 29
4 36
5 97
8 86
7 83
9 22
7 29
3 22
1 59
9 32
1 0
1 96
6 89
9 87
2 79
7 18
4 55
8 57
9 88
2 26
3 88
9 90
8 44
7 30
1 89
4 64
7 3
5 9
4 70
5 5
10 34
10 19
4 44
3 80
9 15
8 65
1 38
4 26
4 36
6 77
3 59
5 48
3 3
2 22
6 63
4 11
9 18
8 53
2 59
8 46
2 4
4 9
1 0
4 54
4 90
5 97
9 35
7 49
5 15
9 65
9 39
2 59
3 17
3 21
9 67
9 11
6 34
6 14
4 100
1 41
6 41
8 50
2 57
2 83
2 83
9 96
10 54
7 53
2 72
5 51
2 0
4 36
3 100
7 33
5 29
2 22
5 26
3 73
6 59
2 78
8 26
1 11
2 42
8 39
1 3
7 36
6 93
1 10
7 42
1 96
2 24
6 27
2 31
3 68
1 80
7 79
3 16
2 93
5 92
6 79
6 34
3 85
8 72
5 83
9 12
7 28
5 12
4 11
6 55
3 50
5 77
8 9
8 61
8 81
10 99
8 46
5 79
10 68
8 68
8 17
10 90
4 33
10 45
8 71
10 54
10 0
4 19
10 20
8 81
10 66
3 42
2 20
3 57
1 4
10 83
2 77
1 26
9 46
8 47
10 77
1 21
7 49
6 80
4 10
6 67
8 33
8 28
6 4
5 76
5 53
3 65
10 68
6 99
6 54
2 30
7 99
1 24
8 91
10 39
2 34
3 36
6 85
3 96
5 81
3 21
2 2
3 80
5 17
6 0
7 41
10 37
3 3
10 52
4 62
10 74
4 52
3 87
2 91
10 97
4 45
3 54
5 48
3 61
4 36
7 65
1 2
5 43
9 19
3 13
2 76
8 21
8 26
6 90
2 56
9 99
3 28
9 23
4 10
7 26
1 25
3 42
3 89
7 33
9 100
3 76
3 60
5 68
9 62
1 71
5 86
6 43
9 55
3 16
8 21
8 1
9 69
6 83
10 87
1 36
2 7
5 16
3 13
6 4
1 33
10 9
1 50
1 60
7 76
2 59
3 56
4 41
1 60
1 64
1 79
7 38
3 19
8 54
5 58
2 14
9 93
2 73
1 28
6 7
2 78
9 77
10 32
3 23
9 35
4 22
7 77
8 61
8 79
2 54
1 15
3 80
5 61
4 18
3 58
4 22
4 22
1 48
2 20
7 42
8 50
10 36
4 75
4 91
1 65
1 89
4 56
6 55
1 97
8 94
4 79
2 85
3 71
3 32
6 3
7 43
10 67
4 17
2 51
7 97
5 16
9 56
3 23
10 94
5 84
6 11
10 36
2 63
6 40
5 57
5 32
2 21
5 93
7 72
4 79
2 79
4 54
5 0
4 0
6 4
4 7
10 83
3 11
3 43
3 7
5 33
2 34
4 46
3 86
5 19
6 90
4 19
2 6
2 62
2 24
5 25
2 75
3 27
6 46
9 69
5 5
10 19
6 95
3 81
7 74
6 36
1 83
10 98
8 58
10 4
3 8
9 16
2 68
7 11
8 61
9 56
3 11
2 41
8 36
6 17
3 51
1 96
2 20
1 16
5 10
6 99
6 37
8 28
3 59
2 70
10 49
2 77
9 46
3 4
8 69
7 36
8 85
6 6
4 12
5 45
3 24
2 43
5 25
7 98
1 78
3 93
8 44
10 14
3 11
7 76
7 69
7 10
1 65
9 51
3 70
5 83
3 81
8 56
7 39
8 100
5 7
5 15
10 30
7 46
2 45
9 38
9 60
10 42
2 70
5 22
2 32
9 19
2 21
3 97
6 46
2 39
3 46
7 53
10 12
5 41
4 7
7 53
5 27
5 73
10 62
3 76
5 89
9 49
6 43
9 83
2 9
8 45
3 21
4 99
6 35
4 31
2 78
9 19
9 47
5 67
5 49
7 17
2 68
7 82
9 24
5 51
8 69
1 76
2 75
8 100
3 86
6 8
4 86
7 88
7 84
4 26
9 29
7 99
1 52
6 78
4 72
4 12
4 4
7 72
6 54
1 69
1 54
8 69
1 94
6 40
3 15
2 51
9 22
3 40
9 33
7 4
5 70
4 20
9 68
8 55
3 17
2 45
3 77
2 5
2 54
1 24
3 85
8 19
10 82
8 94
5 17
2 7
2 35
3 52
7 79
6 57
10 95
7 40
4 31
3 31
4 99
2 93
3 84
6 71
2 0
8 12
4 33
10 71
6 4
3 91
2 59
7 35
8 26
4 88
7 77
3 53
4 24
10 81
4 83
10 64
9 11
7 1
7 89
5 36
6 62
5 12
5 29
2 67
5 26
7 91
6 81
2 13
9 10
7 86
6 64
2 5
1 91
9 34
2 76
4 99
10 6
9 39
3 1
6 96
9 92
5 18
4 13
8 62
10 53
10 46
10 95
2 74
3 86
6 18
6 58
8 59
7 25
8 50
3 20
1 37
6 60
6 71
9 0
3 9
5 34
1 70
1 80
2 75
6 25
9 51
4 61
3 7
9 99
8 30
3 42
8 75
4 85
6 97
9 54
4 69
5 52
5 34
1 36
5 48
2 33
8 60
3 39
3 22
1 11
9 80
4 87
6 100
6 97
9 61
7 67
2 86
2 99
9 3
6 63
9 20
6 98
9 70
4 4
1 78
6 95
4 27
10 51
2 91
7 93
9 48
7 35
9 54
9 14
9 10
8 7
7 89
4 70
7 21
2 4
4 7
5 1
10 9
10 90
7 70
8 49
3 64
9 98
9 50
4 29
9 97
1 98
2 51
8 76
1 46
2 97
2 58
6 98
5 84
4 46
6 30
4 0
1 45
3 84
6 33
10 36
9 64
7 1
7 85
9 76
10 23
2 22
1 100
9 15
2 25
8 62
2 83
8 99
1 61
2 31
2 43
9 99
2 39
1 15
3 36
9 67
10 24
5 85
2 65
7 9
7 70
5 53
9 1
5 0
10 9
6 37
5 15
2 55
10 77
8 97
8 61
3 49
8 69
1 85
8 5
5 54
5 0
7 60
5 90
8 1
7 63
6 78
8 78
2 67
6 80
1 96
10 0
2 2
7 39
1 72
3 77
10 1
6 58
9 1
8 93
5 9
2 84
7 81
7 28
1 5
9 38
6 33
10 31
3 41
5 66
3 30
6 55
2 24
2 56
3 53
9 52
6 99
3 77
9 93
1 93
6 42
3 52
2 14
1 42
2 52
9 35
7 69
4 56
8 8
9 81
10 55
6 60
6 42
4 66
8 65
6 98
2 100
8 62
4 95
7 42
9 24
1 81
3 89
9 42
8 64
1 53
2 8
9 78
7 35
3 79
2 53
5 75
1 84
9 23
10 96
5 63
9 95
9 61
2 73
4 21
10 24
4 49
7 60
9 81
4 28
1 62
4 95
10 59
2 34
9 3
8 33
10 7
7 50
9 89
4 16
4 83
1 64
4 42
2 11
2 49
7 80
9 83
9 83
7 74
9 56
1 2
8 59
1 48
9 24
8 21
1 97
7 95
10 98
2 1
1 58
8 97
4 5
2 32
2 76
6 26
7 83
8 93
2 40
4 28
2 23
2 33
10 71
6 50
2 12
10 77
9 6
1 4
4 8
7 59
1 6
8 62
10 91
8 66
3 63
7 71
2 56
4 34
3 71
8 94
10 79
10 31
7 88
1 6
6 87
8 9
10 42
5 27
8 14
1 42
4 89
4 60
4 44
3 100
8 54
7 99
4 55
4 31
7 64
7 47
8 23
7 71
3 92
2 42
9 43
9 89
2 72
7 63
9 89
1 0
1 46
3 44
3 45
5 98
8 85
4 30
2 10
1 0
10 37
7 68
3 25
5 70
1 25
5 77
9 24
10 35
3 4
10 71
3 28
1 53
10 77
9 29
10 38
7 78
1 83
8 71
6 46
6 20
7 49
4 17
3 43
3 25
2 5
10 35
7 63
10 13
6 25
6 5
1 72
3 77
5 32
2 68
9 92
4 92
10 79
10 67
6 96
10 11
2 58
9 73
9 44
6 9
1 45
1 49
8 30
5 22
3 2
3 35
8 98
3 70
2 39
1 49
2 88
4 11
1 7
4 22
1 26
7 1
5 10
1 87
3 36
4 62
1 50
7 92
8 45
8 41
10 82
8 26
9 78
2 40
9 72
10 94
2 57
9 71
7 81
2 64
9 91
4 66
4 61
2 75
2 22
3 57
4 34
7 16
10 0
7 11
5 40
6 64
7 5
1 38
1 46
9 63
9 19
6 27
4 71
10 30
1 56
2 19
3 64
3 46
4 57
5 46
9 8
3 18
10 26
8 13
7 15
8 40
3 76
3 21
7 77
5 69
3 27
8 93
3 30
7 6
9 12
3 48
7 82
5 10
2 89
9 16
5 79
4 20
5 18
9 6
9 91
2 15
2 21
4 75
3 46
9 17
6 27
8 44
4 100
4 70
3 1
9 8
8 86
3 63
6 69
1 37
10 27
5 82
4 8
7 64
8 24
9 88
2 30
10 4
7 37
8 83
9 28
1 64
9 0
8 59
1 20
1 62
10 95
5 3
5 68
2 82
4 66
10 14
8 13
10 18
5 83
3 25
4 48
5 70
9 9
8 6
9 44
10 33
4 22
7 11
6 99
6 91
1 16
6 54
4 26
3 59
6 11
9 35
5 44
2 73
6 81
1 99
10 15
8 51
9 14
6 93
6 12
9 44
6 13
8 45
3 45
10 79
7 30
1 39
1 91
1 99
10 69
3 28
8 27
1 89
1 52
1 21
4 53
8 87
4 35
3 21
4 61
4 44
9 84
10 60
3 4
2 67
2 61
8 29
8 37
10 77
3 83
4 49
2 90
3 6
9 73
4 5
6 24
6 4
3 51
7 83
5 37
6 96
10 67
9 72
10 57
5 37
9 51
2 65
3 54
9 36
7 84
10 14
10 7
9 10
5 62
5 38
4 68
6 41
2 83
9 0
4 0
8 35
1 41
3 60
8 92
5 93
1 55
4 6
2 15
7 65
4 78
8 96
2 30
2 76
10 98
6 34
5 86
7 10
1 16
3 94
6 87
3 4
7 35
7 89
5 31
4 93
4 61
6 60
5 9
4 86
2 71
1 48
3 55
9 57
4 100
2 9
1 97
1 0
6 21
6 62
5 7
4 42
4 95
7 61
3 33
4 9
6 24
10 59
4 45
4 29
6 45
5 40
9 15
4 82
7 21
10 71
5 0
10 0
1 69
9 78
9 19
6 72
10 90
10 69
5 45
1 73
5 78
4 76
7 65
1 76
2 59
3 57
10 99
1 90
4 42
5 93
2 76
2 50
5 65
1 28
8 65
6 55
10 20
10 17
9 74
2 51
5 14
10 100
3 97
6 34
4 66
2 73
6 41
3 75
7 74
5 30
7 91
3 43
8 69
5 97
3 84
7 58
10 65
9 90
2 85
4 69
9 5
7 89
1 52
10 85
3 88
6 84
3 54
10 43
10 72
8 35
1 54
5 92
8 17
4 33
1 59
3 18
10 69
10 4
9 25
8 17
10 11
1 55
6 69
8 39
6 17
4 49
5 24
6 29
8 51
3 37
7 88
4 48
4 88
6 94
4 17
4 60
8 12
9 78
7 25
5 81
3 17
4 47
4 98
2 70
9 61
4 83
9 27
1 82
4 86
8 11
2 76
9 4
2 71
3 87
9 20
4 42
2 9
8 84
3 44
4 11
1 71
1 34
10 2
7 13
8 27
3 7
2 23
6 49
7 35
8 4
4 24
3 34
3 28
2 13
2 84
5 51
1 27
4 63
5 50
4 11
8 97
6 54
4 5
9 7
7 33
7 1
1 47
1 8
2 25
2 19
10 32
10 96
7 48
5 92
10 38
7 11
2 59
6 75
7 43
4 75
1 76
1 76
9 39
5 10
7 67
3 24
9 66
9 32
1 26
10 52
8 92
8 58
4 61
1 24
1 69
3 76
6 84
3 71
3 4
6 81
8 10
3 54
3 57
7 51
7 68
1 81
2 89
5 64
10 58
3 29
10 43
4 0
7 36
4 21
3 61
6 77
3 33
1 69
7 53
3 77
9 17
2 28
4 17
5 26
6 32
4 72
4 25
5 28
1 38
6 73
10 15
1 58
8 78
9 47
4 38
1 15
4 5
9 7
3 51
10 30
1 77
7 11
3 97
3 97
1 10
2 45
2 100
8 17
5 39
2 74
9 78
2 82
6 47
10 61
5 42
2 85
8 21
10 94
9 33
4 7
9 4
1 5
4 87
6 10
2 79
10 100
7 33
7 37
5 9
1 88
9 29
7 3
10 41
1 26
3 7
9 21
8 2
8 37
5 33
5 26
3 96
2 8
10 71
3 19
6 85
3 35
10 50
7 65
4 3
5 81
1 70
3 71
10 64
9 70
5 35
6 54
2 52
3 14
9 46
4 4
10 35
3 81
3 26
2 44
2 62
4 57
8 100
9 93
6 18
9 61
6 65
1 40
3 81
6 13
6 87
4 11
1 57
2 47
1 74
2 28
8 70
4 7
1 85
9 71
3 41
1 58
1 0
7 94
7 77
10 27
3 60
4 22
3 97
9 52
10 18
1 95
5 78
8 87
2 75
4 80
7 48
4 45
2 18
3 97
5 89
5 54
3 21
4 95
10 75
5 11
4 85
1 80
4 54
2 85
4 41
7 22
9 33
7 57
6 94
10 37
3 21
10 67
7 38
2 91
6 16
5 59
4 42
1 36
4 63
6 33
8 22
8 22
2 39
2 89
10 22
1 79
6 25
8 33
10 51
3 66
5 59
9 60
3 63
2 67
7 75
7 93
4 60
5 29
7 28
3 51
4 83
6 37
6 40
1 83
7 50
1 57
1 88
4 47
6 15
4 44
7 71
3 29
4 32
6 93
5 29
1 40
2 33
5 97
5 25
9 51
7 23
7 97
4 56
2 85
6 30
1 27
7 38
9 60
2 10
9 39
4 53
5 9
5 41
7 43
3 85
6 37
7 80
5 36
8 67
1 2
5 6
8 76
10 53
5 94
7 35
6 45
5 30
2 6
5 85
9 91
4 76
1 77
3 70
3 4
4 70
2 98
10 7
10 75
10 71
4 0
5 69
7 54
4 40
9 16
6 65
4 4
3 74
5 91
1 79
3 71
7 2
3 49
9 33
7 89
6 68
3 24
8 82
10 81
9 51
5 90
6 62
5 96
9 90
5 45
10 64
2 9
5 3
3 11
3 98
10 35
10 97
4 78
1 56
9 8
2 96
3 93
8 92
1 83
5 13
6 95
6 34
8 54
9 15
8 67
8 37
4 14
7 91
10 60
9 79
5 50
1 70
7 66
7 2
1 4
5 5
4 60
7 67
9 38
9 25
8 50
9 15
1 36
5 83
5 7
3 39
10 35
9 37
3 91
1 30
9 5
2 65
9 4
6 23
7 67
10 33
3 57
1 19
7 17
9 16
4 84
6 62
7 36
6 1
3 74
2 85
3 27
4 98
3 63
1 34
10 47
2 88
7 0
1 38
1 67
6 77
10 88
2 83
1 28
7 66
2 3
10 96
1 89
5 44
5 41
4 78
5 51
5 49
2 97
6 23
10 91
2 26
4 22
10 32
5 92
7 79
7 28
9 2
1 67
5 84
4 57
3 8
6 65
3 56
6 39
1 71
6 48
2 8
7 98
2 89
6 65
7 53
1 94
8 9
4 5
2 85
6 2
1 71
6 7
1 51
10 76
5 37
2 34
8 86
4 84
9 49
8 76
8 41
2 54
8 3
8 92
3 75
1 53
1 42
8 82
2 33
6 42
10 75
3 51
5 85
3 100
1 22
8 65
2 10
5 24
3 85
6 100
10 69
1 23
7 3
7 98
1 14
10 56
5 73
3 32
5 1
5 12
6 15
2 23
8 95
3 67
6 54
10 7
9 26
1 4
2 11
9 34
9 97
9 8
10 17
4 58
7 100
8 39
6 3
2 27
5 59
4 9
10 71
9 81
8 4
9 78
1 84
7 72
4 15
6 11
1 44
8 27
6 52
4 73
5 68
3 53
8 35
5 7
6 93
1 62
1 34
8 99
2 71
4 25
7 18
5 71
3 24
8 95
5 78
5 46
2 47
3 88
4 94
10 37
7 30
5 66
1 27
6 44
9 69
1 39
3 35
6 20
4 47
1 48
9 60
2 42
3 31
3 13
5 37
4 58
6 89
4 78
5 93
4 52
9 65
1 86
1 19
3 39
6 80
9 57
8 19
5 1
1 96
8 9
9 50
7 94
8 74
5 95
6 69
1 10
5 23
1 16
9 17
3 10
8 41
9 69
2 70
4 12
1 24
7 47
3 1
10 88
10 50
6 46
7 17
8 45
1 93
9 79
2 69
2 36
1 70
1 0
10 75
2 57
3 65
6 59
9 81
7 13
10 64
2 71
3 42
1 14
4 46
8 10
6 26
6 50
5 5
1 59
8 79
9 43
3 24
10 2
10 85
1 51
3 37
3 43
1 3
7 26
5 79
6 18
1 12
2 16
7 62
4 26
3 98
3 56
10 3
3 62
7 99
2 62
7 94
1 5
10 66
4 24
1 73
9 59
1 61
2 51
3 65
8 69
2 92
6 44
1 25
2 17
10 26
2 65
8 86
2 13
9 73
5 3
3 68
2 17
10 62
3 71
1 65
8 93
1 31
6 2
8 46
6 75
1 22
6 90
5 55
10 43
4 83
5 95
9 10
3 81
3 21
8 29
10 3
10 18
5 31
4 30
7 22
2 13
1 80
6 83
1 45
10 44
4 46
3 19
4 40
3 58
10 48
5 56
4 94
2 91
3 28
7 16
2 65
5 62
1 29
1 75
5 71
2 11
7 21
7 83
6 31
7 89
9 92
2 41
2 68
8 54
4 71
7 23
3 73
9 5
9 91
1 93
9 25
5 3
2 41
7 62
5 23
1 75
4 0
2 14
6 0
2 87
2 2
9 74
7 53
5 42
3 34
4 87
5 86
3 81
1 85
1 27
3 62
10 0
5 56
10 21
6 61
7 43
9 68
5 42
6 88
2 46
6 36
9 30
5 90
2 78
3 78
7 85
7 71
2 19
1 65
9 61
6 4
8 54
2 52
8 33
3 13
3 26
7 21
1 71
2 98
5 9
9 75
3 32
2 85
2 13
8 3
4 63
3 83
9 68
2 93
2 84
10 78
7 16
5 61
3 39
10 43
10 60
4 12
1 21
1 47
4 35
6 19
3 23
10 80
8 88
6 7
7 35
5 18
6 77
5 54
6 84
7 17
4 34
4 4
10 8
10 84
1 34
5 87
4 39
10 82
10 88
9 45
4 21
6 14
9 86
7 81
8 16
9 88
1 47
10 85
1 15
6 72
3 23
6 17
3 21
9 52
5 91
9 56
4 13
2 59
6 81
6 73
2 9
2 7
5 55
8 94
10 64
1 91
8 62
1 90
7 82
9 89
8 68
1 52
10 69
10 72
5 53
1 79
8 42
9 7
7 53
3 65
9 3
3 85
9 39
7 71
7 28
4 4
2 49
9 59
6 70
3 48
9 21
1 28
8 36
5 26
1 88
7 26
2 39
9 92
5 18
6 59
2 40
2 95
1 19
7 49
1 92
2 39
3 64
10 84
9 7
9 98
1 96
5 23
3 10
9 96
7 7
2 50
3 39
6 88
10 60
10 56
4 41
7 13
6 99
7 40
6 66
4 20
8 83
6 71
5 49
8 67
10 22
6 16
5 29
2 65
3 65
8 51
4 70
5 25
6 18
4 70
1 77
10 80
6 93
4 90
7 58
8 38
1 70
9 69
8 84
9 17
6 14
6 44
7 27
8 62
5 73
6 57
6 2
8 14
7 87
3 67
4 53
7 29
3 9
1 4
4 86
10 90
2 97
8 0
10 63
5 59
2 35
1 59
7 11
3 79
5 23
6 31
6 44
4 35
8 39
7 81
1 3
7 57
7 11
6 56
1 24
2 83
10 15
6 50
2 65
10 4
4 84
1 24
3 34
1 28
5 38
6 32
3 29
9 27
1 85
4 70
1 80
6 89
9 58
8 54
5 55
7 18
7 45
9 78
1 72
2 67
6 41
5 50
3 23
6 3
2 10
3 9
7 36
10 66
2 67
6 75
7 36
2 8
2 43
6 48
7 59
2 43
8 64
10 21
1 1
3 48
4 83
4 22
8 36
4 85
2 44
4 61
2 81
6 86
7 76
8 46
3 35
4 50
9 17
7 15
8 68
4 29
2 47
3 84
3 70
3 46
4 2
6 58
7 96
2 45
3 31
8 93
4 13
10 64
3 64
5 18
3 57
3 83
10 9
2 19
6 27
2 24
9 45
8 95
9 42
2 92
10 99
5 2
8 32
5 76
2 11
8 63
5 81
4 96
6 46
5 22
6 47
1 22
5 83
3 80
4 68
9 99
6 18
7 51
8 62
5 23
2 80
4 87
5 74
8 55
6 63
7 8
10 37
2 6
5 80
9 31
1 2
7 17
2 9
9 55
7 10
2 29
1 83
4 75
4 83
7 31
6 87
5 88
5 68
7 23
4 76
8 40
6 88
8 19
8 14
6 29
8 100
10 44
8 51
5 68
6 6
4 60
10 92
1 1
4 49
7 48
6 10
3 97
6 40
10 94
8 25
1 6
9 56
8 79
1 84
2 69
9 3
7 46
10 48
6 11
8 92
10 58
9 57
7 64
10 0
3 80
2 19
1 74
2 55
7 16
8 64
2 93
2 56
3 88
9 78
2 34
2 23
9 63
8 22
10 62
10 44
1 16
6 75
10 71
8 93
10 9
3 4
3 87
7 27
5 27
2 72
10 0
3 60
8 97
2 90
10 70
10 12
1 38
6 34
1 96
3 92
2 18
1 99
6 64
3 99
7 52
2 49
3 86
3 82
2 14
8 23
4 29
5 23
1 36
5 96
3 21
10 11
8 75
5 95
6 67
5 74
2 31
10 11
6 43
3 99
1 62
10 68
10 3
6 36
1 61
5 58
5 13
4 17
2 44
9 54
6 99
6 59
3 67
4 44
10 17
9 12
8 95
4 36
2 67
7 10
7 76
3 89
1 1
10 18
5 57
8 95
2 25
4 65
3 95
4 57
4 25
2 35
4 16
3 43
4 95
6 56
4 0
6 35
9 71
1 88
9 97
3 61
3 74
6 21
2 88
4 34
8 16
2 86
1 53
5 29
10 70
2 58
3 5
9 39
8 54
7 11
2 7
3 100
7 5
4 30
9 23
7 88
10 77
9 22
10 96
10 5
2 48
4 65
2 13
8 90
9 65
1 97
5 47
8 83
1 68
8 86
1 58
6 54
6 69
7 95
9 54
6 29
5 62
5 6
6 76
10 48
4 25
3 45
8 84
1 9
3 64
1 26
5 15
3 7
8 62
3 97
4 29
7 99
3 71
9 59
10 0
2 36
9 30
10 61
9 49
8 25
8 100
6 3
10 14
3 58
10 81
2 49
10 3
7 82
2 27
10 7
1 3
5 70
9 66
4 34
5 69
1 20
3 75
6 22
2 49
7 72
6 63
9 40
7 24
5 5
8 100
2 54
6 74
1 26
2 47
7 73
8 84
4 53
2 54
4 98
6 76
3 10
9 27
10 23
3 66
2 68
2 79
10 36
9 42
5 80
9 5
10 72
8 69
6 0
6 72
5 13
2 26
5 62
3 15
9 61
5 17
8 43
4 99
4 95
6 13
4 38
2 62
2 29
9 0
2 64
8 49
4 30
8 60
8 70
4 11
1 91
6 62
1 51
3 93
9 51
3 66
10 35
9 0
5 54
9 81
1 65
5 44
6 89
7 76
8 86
6 26
7 38
9 45
1 77
8 41
9 24
1 74
5 94
1 37
8 73
10 21
4 4
9 21
4 30
8 96
9 63
8 94
10 85
1 2
4 5
4 28
8 47
6 59
3 5
6 42
7 92
3 89
10 76
2 9
5 83
10 87
4 56
7 50
4 97
3 25
4 51
8 54
9 27
6 100
2 39
2 23
5 6
5 22
1 70
3 96
8 89
6 8
5 12
3 35
6 18
8 62
8 40
6 68
2 39
7 59
8 97
9 32
9 48
6 11
10 28
3 2
1 67
6 72
6 29
9 74
4 39
10 38
6 76
3 61
4 92
2 11
8 25
5 63
3 77
2 14
1 100
8 29
2 14
7 76
3 52
9 64
9 38
7 59
2 19
7 98
4 10
2 56
10 18
6 24
3 59
4 57
7 89
2 4
3 66
7 30
3 77
7 30
6 8
9 8
8 10
6 33
8 89
5 63
8 68
8 40
7 34
6 52
1 1
8 30
9 24
5 28
4 58
8 27
7 32
4 38
4 14
2 40
7 13
10 46
1 31
7 31
6 12
4 0
2 59
5 9
9 74
6 79
3 65
8 27
3 19
1 17
1 54
9 99
5 92
5 14
3 0
3 70
1 61
5 11
3 16
3 5
10 90
4 70
4 45
7 88
3 55
7 13
4 7
4 8
2 98
3 32
7 33
5 98
4 29
3 43
3 49
3 37
7 96
7 38
8 5
10 56
7 73
6 18
8 35
10 83
9 34
4 73
6 44
4 38
10 3
9 76
5 22
4 58
7 73
5 84
1 11
10 23
9 52
8 16
6 78
8 26
5 0
7 97
6 65
9 9
1 47
1 79
6 18
10 39
3 24
10 52
2 45
8 33
4 28
4 13
2 97
4 41
2 7
8 1
2 99
10 93
10 14
2 5
6 57
5 89
5 72
6 7
9 17
2 51
7 48
10 11
10 36
4 4
3 82
7 50
8 96
3 41
2 19
6 40
3 11
5 17
9 78
9 2
4 21
10 19
5 17
8 90
4 92
7 32
4 8
7 7
10 80
9 31
1 15
1 41
3 53
5 50
10 50
8 75
6 40
8 98
1 94
5 29
6 11
3 41
4 29
1 9
1 43
4 35
4 57
10 45
6 88
4 92
5 68
7 54
8 59
4 65
9 19
4 25
2 16
8 14
7 52
8 47
4 65
6 9
6 57
5 46
4 95
8 53
6 7
5 26
6 13
6 18
1 42
8 44
7 28
4 42
3 25
8 99
2 91
2 63
1 98
2 51
1 61
4 70
5 22
6 41
5 82
10 50
5 21
5 93
4 57
1 90
8 33
9 81
5 3
4 57
8 50
10 69
3 58
10 85
8 92
8 49
5 14
6 83
2 91
4 93
2 27
3 8
7 66
7 26
10 42
4 19
1 67
7 49
1 83
6 65
1 85
6 28
9 54
1 36
4 11
2 69
4 39
7 11
4 45
8 32
7 14
4 10
8 41
2 58
6 71
2 70
3 43
5 8
4 20
2 22
9 93
6 21
6 40
4 69
4 72
5 72
8 38
10 1
6 9
5 50
7 46
4 90
1 44
2 72
6 63
7 99
9 60
5 17
1 93
8 46
2 74
5 34
10 84
1 50
6 71
9 59
9 61
6 48
8 97
5 32
2 37
4 77
8 31
6 40
2 39
3 51
4 93
10 2
8 93
4 45
4 74
10 85
4 45
10 16
4 9
4 42
9 18
2 22
6 9
5 47
10 37
1 91
8 51
10 69
2 77
6 96
3 9
4 63
5 48
8 24
10 54
7 35
2 94
5 71
9 32
9 47
5 92
9 80
8 44
10 38
8 70
6 79
1 78
6 11
9 84
10 13
6 10
8 38
4 38
1 69
3 0
4 78
3 71
2 95
8 76
10 11
4 80
5 61
9 1
8 54
10 75
2 53
7 97
9 58
9 81
1 58
7 98
1 1
6 59
8 77
7 66
10 70
9 83
8 14
7 37
7 94
2 28
6 12
4 3
3 32
3 71
1 34
2 89
9 25
6 53
10 90
3 40
3 56
9 11
3 69
4 47
4 94
10 81
7 41
3 23
4 99
8 36
7 7
5 85
10 15
10 93
8 81
8 65
9 93
1 15
4 53
8 94
2 100
1 5
2 48
1 30
1 66
10 35
3 83
9 63
3 26
5 61
4 89
3 16
6 97
10 41
5 88
6 89
2 84
8 53
7 82
4 63
5 97
5 3
9 19
9 10
10 57
5 5
4 81
8 13
2 4
10 64
9 37
1 82
2 9
4 5
5 34
3 49
1 33
9 3
10 79
1 42
10 78
7 10
10 27
2 88
1 90
4 55
10 87
2 90
9 96
7 86
6 80
8 28
4 12
8 52
9 69
4 95
7 4
4 90
7 23
9 41
10 0
3 73
8 90
3 47
4 92
4 12
1 22
4 48
3 21
1 74
1 40
4 37
5 94
9 63
1 86
4 60
3 14
6 50
3 87
2 47
8 43
6 4
6 8
1 47
1 76
1 86
9 36
1 89
10 39
7 51
2 86
10 24
1 31
10 34
7 29
7 35
3 94
7 37
4 36
2 59
8 83
2 4
1 98
9 49
9 70
7 77
6 55
2 90
6 35
9 85
10 10
4 47
6 85
10 68
4 51
9 14
7 44
2 52
3 91
1 33
7 59
5 76
4 64
10 17
4 91
2 60
3 27
2 46
8 11
3 98
6 38
5 73
6 30
1 65
2 37
10 40
10 16
1 3
2 38
1 75
6 34
1 20
4 50
5 49
6 99
7 38
10 32
4 30
3 12
9 21
7 81
1 6
4 32
10 40
2 35
7 37
4 81
4 3
8 22
1 64
7 74
5 42
5 77
6 58
8 68
1 29
9 55
5 63
10 18
3 65
2 66
10 81
9 61
4 5
4 47
3 70
8 85
8 25
9 0
10 96
2 98
1 72
2 91
3 53
4 74
7 40
6 19
1 79
7 36
10 56
9 40
2 74
1 44
6 80
3 5
5 88
3 77
6 38
4 100
4 88
9 41
2 61
4 87
6 92
10 14
3 91
9 36
10 1
3 86
8 25
2 61
5 96
2 45
7 28
1 29
5 1
4 52
10 37
3 67
5 73
5 97
7 56
1 12
2 18
4 95
6 30
3 69
10 39
9 21
6 63
1 16
8 51
8 68
7 41
2 14
8 57
4 64
8 15
9 63
1 34
9 16
3 55
9 68
9 99
10 44
1 92
4 36
10 54
3 59
2 22
10 28
2 78
4 71
7 70
2 56
6 54
8 44
6 15
9 15
4 55
8 56
10 12
5 56
10 85
8 32
9 43
10 37
3 15
10 28
8 4
4 34
9 56
6 19
6 3
10 81
6 46
7 30
5 97
10 19
5 72
8 33
10 54
2 94
8 22
7 58
5 39
2 79
1 55
10 0
1 59
2 85
6 28
9 59
8 42
5 23
9 26
10 97
4 8
6 4
8 96
8 55
3 37
8 53
3 80
3 86
3 81
2 12
9 21
9 11
6 91
5 10
8 99
1 58
9 85
7 80
7 71
3 39
5 85
9 16
8 100
1 90
2 58
3 72
7 11
10 29
8 8
6 24
3 55
2 35
2 82
4 35
2 14
9 48
10 40
7 39
2 42
9 71
4 42
8 68
3 74
8 70
5 19
6 21
6 57
4 93
7 0
1 35
6 58
3 47
3 52
9 86
8 55
10 62
5 20
6 36
1 19
9 22
1 36
9 74
3 1
9 86
1 80
4 33
10 54
6 2
8 65
8 77
4 45
4 57
8 86
2 98
1 60
3 93
2 84
7 78
4 38
4 67
1 88
7 33
7 72
8 97
7 35
5 88
4 67
9 6
5 0
3 96
6 42
7 85
2 18
7 23
10 67
6 76
2 92
5 58
4 57
5 3
4 77
6 18
2 3
9 93
7 24
6 65
9 85
4 71
1 19
8 13
2 6
7 77
3 93
8 55
2 50
10 83
3 55
4 84
8 3
1 0
3 35
2 24
5 11
1 77
6 84
6 27
7 45
6 37
9 78
1 59
3 63
6 66
9 2
1 14
5 49
5 41
2 22
7 46
4 59
4 20
5 20
8 13
1 35
9 55
4 6
4 20
7 20
1 57
4 15
4 69
2 20
10 48
4 38
7 26
6 74
10 100
9 49
6 79
1 7
7 69
3 39
10 37
7 100
1 51
7 59
8 19
5 42
1 66
1 76
8 88
5 79
1 62
7 94
8 89
8 31
8 85
6 23
8 40
1 15
9 79
7 14
9 8
10 68
5 85
3 63
9 64
7 78
8 41
1 54
10 73
5 63
9 42
10 11
9 32
10 5
2 11
4 95
5 70
8 40
4 82
8 71
2 19
1 30
5 3
5 71
6 76
1 13
7 78
5 68
1 0
5 9
8 79
4 91
10 24
3 89
2 15
6 17
10 34
5 39
5 73
6 30
3 41
3 90
1 15
5 64
4 93
1 1
3 23
3 60
10 82
9 23
10 12
8 40
6 29
7 97
9 52
5 25
5 76
3 16
5 2
6 14
2 72
6 28
1 86
4 31
7 90
7 40
6 62
4 27
9 89
9 22
2 49
4 24
3 9
6 84
3 44
10 2
5 65
9 64
8 92
8 7
1 78
9 92
4 33
7 8
3 79
2 39
10 18
9 46
9 26
10 19
1 69
2 67
4 53
8 93
7 35
2 42
4 15
2 70
7 44
8 39
1 20
9 20
1 31
1 26
7 51
9 77
1 21
10 33
6 88
2 68
10 69
1 92
1 35
1 50
8 7
1 88
8 11
10 84
8 42
10 68
2 3
10 45
8 35
1 40
2 37
4 33
10 83
2 62
1 76
6 78
10 87
7 0
7 33
8 36
4 100
6 40
3 57
2 47
8 18
2 78
4 34
9 86
10 32
2 66
2 74
8 81
8 35
8 82
9 71
10 73
3 61
6 43
1 25
1 96
8 85
7 14
2 66
10 87
5 77
1 75
7 87
8 94
4 11
5 43
8 1
1 6
9 21
2 55
5 98
8 62
8 16
10 34
4 17
4 0
8 78
3 46
10 95
8 79
5 16
6 38
7 74
7 34
2 11
9 5
3 41
4 30
9 55
4 58
10 86
9 96
2 90
5 36
1 83
7 41
1 24
1 20
10 39
6 39
1 53
4 39
4 30
1 99
2 52
4 57
8 53
1 25
3 33
6 66
5 16
7 5
1 28
6 67
3 70
6 81
5 81
5 20
4 38
4 67
4 40
8 9
3 98
5 2
8 36
1 43
4 43
5 89
5 82
2 33
5 85
3 73
1 0
4 43
2 12
4 56
9 26
4 17
1 2
3 27
9 45
3 67
6 21
3 89
8 60
3 83
10 96
10 63
3 9
7 24
7 54
8 12
8 56
6 28
1 43
5 48
4 35
2 55
9 83
7 72
8 15
1 19
2 23
7 62
3 71
10 89
9 6
9 6
5 24
10 71
4 18
9 32
5 27
2 89
1 49
6 37
4 76
5 51
3 6
10 4
7 88
7 12
6 4
4 68
6 22
9 85
9 40
1 71
7 47
7 84
8 44
10 8
9 56
1 97
2 95
7 53
3 50
1 9
7 46
2 37
10 33
1 0
5 65
7 28
9 66
10 23
5 70
2 4
9 60
1 73
1 20
5 53
1 47
2 68
9 50
6 59
3 25
5 38
2 55
5 53
4 30
9 72
8 3
9 5
3 95
5 68
7 73
9 39
10 48
3 57
3 34
1 63
8 4
9 54
8 42
10 92
2 81
2 32
7 23
6 95
9 25
1 14
1 75
7 64
9 78
5 14
4 2
1 86
6 12
1 96
10 75
10 84
2 66
2 62
5 70
1 93
1 23
9 64
7 9
2 40
4 11
3 63
4 41
9 96
4 28
3 22
3 69
10 33
10 36
10 72
8 67
6 12
5 50
4 75
4 15
4 58
10 52
3 9
9 82
5 94
8 93
5 40
3 25
9 64
2 83
4 12
10 65
10 83
4 6
4 39
7 57
5 100
3 89
7 35
5 9
4 100
6 53
6 52
10 98
9 6
4 33
10 24
3 32
5 84
9 72
4 8
1 100
9 56
5 66
5 9
2 65
4 81
8 86
9 35
8 91
2 80
7 42
10 75
2 86
4 99
2 42
4 12
5 23
2 86
10 46
8 78
9 53
10 61
3 67
10 44
4 52
4 3
3 39
1 89
4 56
1 36
1 60
3 89
1 1
8 30
10 37
8 88
2 28
3 82
10 100
9 56
5 92
8 36
2 3
5 31
7 79
2 67
9 4
8 10
6 53
7 64
7 33
1 97
8 62
9 79
3 41
8 75
10 56
9 90
2 74
2 85
10 74
7 66
7 70
10 98
8 99
7 13
10 38
2 36
2 68
3 36
6 76
4 48
3 35
6 54
7 63
2 87
2 89
1 21
1 88
1 41
8 51
10 87
4 67
6 17
2 74
1 13
4 88
1 8
5 65
9 99
8 86
7 10
4 3
5 5
2 39
9 66
4 100
5 74
10 59
7 66
7 36
3 60
6 80
10 90
5 91
3 97
4 93
9 30
6 17
5 64
3 39
6 50
6 54
4 46
8 5
5 94
5 47
3 27
1 63
4 74
8 99
1 84
5 46
3 68
6 73
4 1
9 49
6 3
8 87
5 89
10 55
8 13
1 58
2 76
1 26
3 52
1 53
2 64
10 83
8 37
8 93
9 34
5 51
1 0
10 31
1 15
10 20
5 80
4 61
3 76
7 53
10 68
6 9
1 66
9 86
5 67
5 84
5 41
8 6
6 25
3 7
4 87
1 60
3 75
6 99
3 90
8 88
5 64
2 34
5 5
4 88
6 47
6 78
4 14
8 42
8 2
7 85
6 88
8 4
8 69
9 4
2 71
8 49
1 36
4 27
6 84
4 39
8 50
7 59
10 83
2 45
10 37
7 62
10 88
3 75
4 85
3 48
3 32
1 90
6 13
8 72
3 33
7 74
3 84
9 58
4 17
2 75
7 24
3 76
6 15
2 42
7 58
6 85
3 53
3 19
7 98
3 53
6 48
10 62
5 26
9 56
9 34
3 37
3 53
3 60
1 99
3 64
4 19
2 12
8 31
6 17
2 53
8 1
4 65
7 76
4 17
7 77
8 67
2 41
5 66
9 74
5 46
9 26
6 78
9 16
1 19
3 53
5 47
4 3
5 71
6 91
1 99
10 16
3 20
4 90
7 79
1 35
1 64
4 14
10 47
6 49
2 43
1 3
6 32
6 36
7 18
4 65
1 56
6 62
10 39
5 84
1 29
8 0
4 26
2 38
1 1
4 43
7 80
1 55
4 35
5 74
10 97
1 59
4 34
2 91
9 28
6 86
2 67
2 6
2 84
5 69
1 30
7 52
10 80
5 8
9 83
4 85
5 82
2 87
2 2
4 21
5 56
7 19
2 66
10 28
5 15
9 81
6 9
5 87
1 25
1 21
6 23
8 16
1 38
8 66
6 4
10 40
4 79
5 18
9 13
10 43
5 72
8 59
8 16
9 74
4 25
6 17
3 47
10 94
8 56
4 77
7 98
5 59
7 42
2 56
5 43
10 53
6 3
6 63
4 94
3 84
1 87
3 20
7 21
2 69
10 52
1 11
3 5
9 43
2 1
10 99
5 39
4 43
6 31
8 66
1 79
9 60
7 96
7 63
6 56
8 25
10 9
8 50
2 68
5 59
5 36
7 93
2 64
8 19
1 44
8 90
1 42
9 95
10 28
2 62
2 98
7 35
5 25
3 85
9 77
6 1
6 6
9 27
4 0
2 82
8 20
3 1
6 6
9 74
6 63
10 5
8 31
10 44
4 78
3 100
4 77
8 70
3 29
4 89
5 84
6 94
7 26
7 32
10 9
1 92
1 92
2 53
6 58
5 76
8 98
8 37
8 47
6 70
7 70
2 0
6 85
6 4
8 49
2 64
6 46
2 19
3 26
10 96
4 50
1 81
3 70
1 7
7 46
8 32
7 77
1 11
4 40
5 74
6 8
10 10
5 27
9 22
2 83
10 81
3 91
5 89
9 35
7 5
6 92
5 81
6 78
6 69
9 56
6 15
4 26
2 69
7 51
10 80
8 90
4 0
4 79
8 91
4 99
9 61
8 21
10 42
10 89
7 30
4 12
4 63
6 80
1 87
5 77
1 59
6 9
1 34
7 81
2 94
3 88
5 40
8 17
2 67
1 40
7 0
1 87
5 30
3 31
9 64
1 23
5 53
10 61
6 4
2 58
5 44
5 65
4 99
1 4
9 45
2 22
10 83
5 80
7 43
8 75
6 22
5 86
9 22
10 77
6 72
3 98
2 30
5 66
5 6
9 55
10 47
3 4
3 55
7 63
2 17
1 86
8 7
5 21
4 47
9 3
1 84
5 57
10 91
2 34
8 0
8 4
3 31
1 61
2 46
6 78
7 88
7 95
1 73
10 5
8 44
6 56
1 39
1 18
6 18
10 64
9 78
4 41
4 51
3 32
5 14
1 53
5 95
1 86
6 61
2 0
7 86
1 7
9 52
5 89
9 62
10 10
10 67
3 7
7 14
4 42
10 100
8 93
1 55
2 71
1 32
7 79
4 91
5 99
7 49
9 5
9 12
6 61
4 77
3 70
3 95
4 16
2 99
6 32
3 20
10 97
5 29
5 1
2 68
3 58
5 33
4 28
10 30
2 15
2 44
3 30
4 40
5 18
6 17
4 68
2 55
3 44
7 95
9 20
6 75
2 39
6 94
4 0
4 17
7 31
7 13
8 37
3 91
10 64
1 32
4 23
5 58
10 1
7 82
1 53
6 15
3 3
3 44
5 44
9 92
3 41
6 59
3 87
3 56
10 17
9 99
1 21
4 48
6 51
8 38
1 95
4 86
1 69
8 51
5 63
1 97
6 8
1 3
7 32
9 16
1 41
4 45
1 83
2 26
8 88
5 9
4 90
1 19
10 25
1 55
9 7
4 93
4 89
10 4
7 12
9 65
6 64
7 13
10 38
9 45
9 64
1 32
9 79
2 9
9 14
3 36
5 24
1 90
5 35
8 82
7 8
7 86
7 57
1 17
5 42
8 24
3 8
5 95
10 59
7 67
5 45
10 58
4 80
1 66
2 100
7 81
7 91
9 90
5 59
3 45
2 45
9 70
6 22
5 28
1 83
8 46
1 54
6 23
1 85
5 70
7 41
1 17
10 49
3 76
4 10
9 25
6 46
9 1
4 90
9 77
10 40
9 76
2 84
5 1
4 60
3 19
1 25
4 32
3 52
8 26
6 12
2 12
1 4
2 69
3 42
3 76
2 63
7 21
8 94
4 64
3 89
4 7
2 87
5 17
3 84
9 24
4 60
3 84
7 23
3 66
10 94
3 17
8 50
2 10
2 87
3 33
3 93
4 36
5 99
2 20
9 67
1 42
4 21
6 38
6 3
2 53
3 45
5 3
4 80
5 7
10 2
3 7
7 58
8 91
7 72
3 100
1 87
6 8
2 6
10 68
2 51
9 82
2 70
7 44
9 3
1 90
9 61
3 88
7 55
9 9
3 97
5 28
7 25
3 21
4 85
7 88
8 94
7 54
6 91
2 10
4 51
7 96
9 64
7 4
2 81
1 31
6 4
6 66
6 2
10 99
9 25
3 28
8 43
3 12
9 12
7 58
5 99
1 3
8 24
3 37
7 35
4 7
2 87
7 15
10 95
1 66
10 100
3 88
7 96
3 30
3 87
8 87
6 4
10 29
10 45
3 40
9 9
5 71
5 95
2 1
2 53
8 45
4 34
9 49
10 18
2 60
9 28
9 77
6 15
2 17
9 76
8 54
10 93
3 31
7 53
5 25
6 34
1 72
6 95
10 9
5 25
8 6
9 37
6 20
9 46
1 42
9 4
8 0
6 87
3 36
1 68
1 87
3 39
10 100
5 72
4 10
3 83
7 59
10 41
6 6
1 9
5 68
9 26
7 14
7 51
2 63
10 75
2 21
5 1
5 45
6 17
2 15
9 39
6 26
8 45
3 70
8 65
2 32
8 65
3 2
9 80
8 93
1 77
5 62
5 52
10 24
6 18
10 1
4 22
9 52
2 18
9 86
10 58
6 72
9 30
9 80
8 97
3 50
4 52
1 59
3 76
4 80
1 47
5 4
1 0
9 97
8 60
1 91
9 76
5 79
2 19
9 65
9 79
4 23
2 48
4 100
10 11
2 17
6 93
6 60
9 28
8 89
4 1
7 64
9 79
9 5
6 60
10 0
2 31
2 18
9 27
7 55
10 49
10 88
8 12
10 73
8 49
9 49
7 49
5 98
10 34
1 80
2 98
10 98
9 5
6 36
4 34
9 74
10 42
1 2
4 10
1 30
6 29
5 98
2 51
9 30
8 93
6 55
8 25
4 23
4 83
5 9
2 18
8 37
4 65
6 58
4 72
5 3
1 7
7 77
5 48
3 17
1 27
9 11
4 88
4 82
5 22
9 50
4 100
2 8
1 97
4 15
9 71
4 39
9 55
10 89
3 44
4 4
10 72
7 43
1 30
8 19
9 61
2 6
3 64
2 100
2 16
3 8
8 75
10 10
4 71
7 91
6 89
5 27
6 10
8 19
8 64
4 6
3 71
3 41
3 92
1 38
8 76
7 37
8 64
1 90
10 51
1 42
3 4
2 62
7 99
4 56
5 61
6 39
6 15
9 17
3 69
1 14
4 90
9 89
10 40
1 80
8 59
3 17
2 92
3 48
5 90
4 57
5 66
4 34
10 30
2 80
6 2
7 52
2 49
10 39
8 43
10 50
9 62
10 27
2 56
5 20
7 90
9 48
7 55
8 72
1 92
1 74
6 77
7 69
1 1
3 22
3 36
4 50
4 93
2 6
6 37
1 92
1 52
8 100
3 55
8 35
7 64
3 43
10 7
3 57
10 7
4 9
8 78
9 98
1 6
1 18
8 99
9 71
9 18
4 39
8 49
5 38
10 83
7 34
3 55
2 71
6 3
2 87
9 17
6 61
6 7
9 14
6 98
10 17
4 97
6 48
5 48
8 44
5 97
1 89
6 30
7 11
8 53
6 59
5 52
8 90
3 21
4 32
10 82
8 63
8 84
1 1
1 45
3 12
2 74
2 7
4 66
5 60
1 55
8 32
2 1
7 78
8 73
6 33
10 69
5 15
1 82
4 16
4 51
3 21
5 57
8 37
1 19
7 0
9 92
1 73
10 9
3 78
4 21
8 53
7 58
7 57
5 82
8 54
10 92
4 67
5 4
3 43
6 81
1 91
9 33
8 30
4 22
6 57
8 31
1 43
2 36
2 5
7 47
2 50
1 2
9 19
3 68
4 0
1 58
3 31
8 43
5 24
3 34
7 35
4 39
8 73
8 80
2 42
1 85
5 62
4 74
7 35
4 80
7 60
4 39
10 35
1 23
9 10
8 20
5 44
7 95
7 92
5 57
7 24
5 31
5 22
3 78
7 20
7 40
7 16
4 7
7 40
4 83
3 40
4 80
8 61
1 21
9 36
3 41
7 76
10 79
10 14
7 97
7 37
9 46
2 1
5 23
7 25
8 64
8 32
8 67
5 94
5 5
6 98
9 57
1 35
4 4
8 21
8 35
6 51
9 12
2 62
9 82
5 58
7 33
9 54
5 51
10 73
7 74
1 65
5 43
10 62
6 4
2 53
10 9
9 92
6 23
2 33
8 33
9 12
10 94
4 46
5 74
3 77
6 84
10 56
10 59
9 14
7 4
8 17
8 98
9 42
3 0
3 56
8 27
9 74
8 28
1 12
6 86
2 67
10 30
5 98
5 33
10 22
2 29
5 81
5 27
5 43
2 18
5 46
6 12
7 26
9 46
7 0
10 50
6 43
1 84
4 88
8 46
6 19
1 36
4 47
5 47
5 61
9 46
7 42
9 35
8 80
3 54
7 51
4 65
9 22
4 93
2 60
10 88
3 56
2 47
1 82
4 99
7 31
9 32
5 70
9 80
3 25
9 66
2 7
5 8
4 8
7 100
3 96
9 57
7 50
7 31
5 31
4 59
10 57
4 26
9 94
7 93
7 54
10 19
5 41
10 97
3 2
1 71
10 30
10 12
10 38
2 47
5 25
10 15
8 74
6 9
1 18
8 76
9 39
6 44
6 34
1 40
7 0
7 8
4 10
7 11
7 47
8 33
10 54
3 52
10 92
10 11
6 28
10 27
5 13
1 61
5 79
3 21
1 22
4 95
10 3
6 31
10 95
9 52
8 32
10 66
5 46
3 84
3 72
1 23
2 49
6 89
3 84
6 48
4 83
6 90
9 17
3 34
1 96
6 55
4 64
4 29
10 19
3 47
1 15
5 56
9 99
2 96
7 37
10 54
3 44
3 29
1 76
1 9
6 92
9 42
2 35
5 74
2 17
10 54
8 53
4 16
1 1
8 40
7 6
9 62
1 30
1 45
2 28
5 2
5 18
3 86
4 86
8 51
5 97
4 31
1 3
6 95
3 26
9 60
1 34
10 77
4 91
7 13
4 1
4 55
8 27
2 100
5 96
7 58
4 20
6 60
9 39
4 56
6 70
1 45
8 82
8 44
4 74
10 74
1 28
9 91
10 22
2 10
1 60
4 49
7 41
5 3
1 53
8 2
4 59
9 12
9 19
1 12
8 82
8 8
3 90
8 52
4 40
4 11
5 38
10 26
8 42
8 35
8 74
1 90
2 42
5 79
2 49
8 50
4 50
1 64
6 65
1 61
6 54
6 85
5 32
3 6
9 62
8 41
3 67
3 77
1 45
1 5
7 77
2 16
9 67
2 61
10 40
6 15
2 76
7 31
3 80
2 16
7 83
7 31
4 55
9 93
3 49
8 30
6 42
8 56
1 74
10 84
3 30
2 87
2 83
9 67
1 92
4 41
10 13
2 6
5 53
7 81
7 26
6 48
4 37
2 10
2 3
5 63
3 40
5 55
3 96
5 58
4 30
5 72
10 30
4 8
2 67
10 13
8 0
7 32
5 86
7 25
7 5
8 17
2 19
7 79
9 100
10 38
5 72
10 59
1 89
5 53
3 30
2 96
4 11
1 14
10 2
10 14
2 33
1 5
7 92
1 37
5 77
2 42
9 83
3 94
7 21
7 1
4 41
1 8
9 92
10 35
2 57
6 47
7 44
8 87
1 28
10 55
2 12
2 94
1 68
5 43
8 63
4 75
8 15
8 29
4 18
7 70
10 96
3 97
10 67
10 44
4 88
1 54
2 61
6 69
5 0
9 61
10 62
5 37
4 82
2 87
5 42
5 19
8 57
5 42
7 13
4 56
4 72
8 30
5 21
4 51
1 0
10 89
3 37
4 86
2 46
10 88
7 20
2 1
2 61
4 7
7 32
6 42
2 15
3 81
8 85
9 45
4 43
5 49
1 19
5 65
2 5
3 95
6 82
10 17
4 94
10 63
10 13
4 63
9 8
9 0
4 49
2 21
8 39
3 18
2 18
7 22
1 81
4 60
10 7
6 53
8 85
7 61
8 84
7 7
8 22
10 93
1 18
5 15
8 78
1 46
1 50
5 56
6 65
1 50
5 77
4 98
4 38
10 97
9 53
1 87
8 64
10 50
7 55
3 87
7 25
8 39
3 70
3 93
8 82
5 41
9 57
9 55
5 4
3 41
7 41
4 100
5 46
2 30
8 93
10 65
6 63
1 22
2 65
1 99
10 11
2 29
4 38
5 96
1 28
5 20
7 35
4 45
4 7
7 56
2 99
5 53
1 27
9 88
7 75
10 71
3 3
9 8
9 40
2 29
5 22
3 79
6 50
6 48
2 75
9 27
9 28
5 31
6 3
2 11
10 15
2 97
4 50
6 66
5 0
8 1
7 61
9 33
2 97
3 84
1 49
1 95
3 3
4 76
7 24
9 16
3 70
9 10
8 26
5 74
6 55
2 67
2 71
9 76
8 77
6 51
5 93
4 93
3 61
8 69
2 10
4 95
9 60
10 67
7 50
10 37
9 31
7 4
2 27
8 46
2 89
6 33
7 34
2 8
10 66
7 74
4 52
8 34
8 61
2 96
6 41
8 60
7 31
3 68
9 4
6 48
4 39
4 1
10 84
2 48
5 91
4 78
4 20
2 42
1 6
3 26
7 25
1 79
4 74
10 51
3 12
1 44
4 63
10 10
5 29
3 72
3 74
5 28
5 13
9 14
4 98
10 2
1 7
6 86
3 16
5 76
6 50
8 36
5 47
2 37
8 49
5 33
9 19
2 51
9 53
3 21
1 66
9 90
2 58
9 61
8 99
7 18
7 82
4 31
7 6
6 75
6 11
7 70
7 69
3 0
4 8
6 49
7 77
9 45
1 50
10 87
2 69
10 16
1 62
4 41
2 76
6 10
3 72
6 83
7 46
10 54
5 31
5 23
7 27
6 90
1 87
9 31
10 29
8 41
2 95
1 11
6 31
7 93
8 36
1 33
4 76
1 56
4 67
1 84
4 50
4 97
1 90
5 53
7 17
2 79
5 50
7 86
6 34
10 11
9 98
3 76
10 79
10 41
3 24
5 62
9 95
8 1
3 88
6 5
1 24
5 7
10 67
8 92
3 84
6 51
7 75
2 79
7 12
10 82
3 74
8 17
4 90
2 28
4 39
8 97
4 93
4 81
8 38
2 53
2 48
6 93
6 46
8 67
5 35
8 45
5 71
7 42
6 53
1 16
9 21
3 26
8 74
4 19
10 90
1 98
8 52
1 3
7 99
6 77
5 44
1 0
7 40
8 61
2 31
4 5
3 45
8 87
3 9
9 78
6 45
8 70
10 39
9 33
10 7
10 70
6 57
2 86
6 10
3 74
10 63
2 88
4 89
4 20
7 53
2 89
10 50
3 80
9 6
5 62
4 100
10 93
10 15
6 41
2 81
10 34
10 91
4 0
1 8
2 83
1 19
2 77
1 62
7 14
4 48
2 9
2 37
10 44
8 40
5 67
4 32
7 34
5 14
3 89
3 53
10 89
10 28
6 36
10 4
7 47
9 70
1 59
7 10
5 37
9 98
8 29
4 97
7 46
4 48
5 16
2 78
4 19
5 61
3 67
7 72
4 93
7 31
3 91
2 85
1 45
9 28
4 18
7 93
6 14
9 9
7 86
10 53
1 21
3 28
10 90
5 93
8 87
1 38
2 5
2 74
7 7
2 8
7 73
8 100
7 0
4 49
6 33
3 44
10 73
10 70
8 72
1 70
1 81
4 79
1 64
9 73
4 21
7 85
3 34
6 18
1 1
8 75
2 27
3 70
7 56
9 8
9 39
7 65
1 99
3 43
6 5
9 76
5 76
1 32
2 45
5 71
8 92
3 40
8 95
3 14
10 19
2 21
6 6
5 45
4 77
5 90
3 18
1 66
7 52
2 33
3 32
6 56
3 22
3 53
6 99
3 81
7 22
7 69
1 49
9 24
7 14
5 12
1 71
3 18
9 81
8 19
1 56
4 23
6 64
7 67
3 4
2 72
9 68
10 27
8 28
7 28
4 79
3 23
10 84
6 7
2 78
8 73
7 9
9 73
6 25
1 11
10 86
7 65
7 21
10 0
8 87
8 0
4 4
8 21
10 61
10 55
7 76
2 81
8 13
7 24
1 61
6 83
10 30
7 98
6 29
7 61
8 54
1 4
9 26
10 86
5 79
2 90
10 57
4 75
7 10
4 22
9 82
7 34
8 76
4 95
5 17
7 89
4 15
2 17
6 8
2 28
6 74
8 9
10 76
1 7
8 71
6 98
1 5
7 31
7 28
10 95
1 7
4 6
5 0
5 94
10 71
10 60
10 1
5 43
9 79
6 13
9 17
4 84
10 81
4 19
1 92
9 85
6 28
2 94
6 87
7 70
4 26
3 23
4 15
7 28
8 66
2 39
4 21
5 99
3 24
3 57
8 78
8 0
4 25
9 62
10 6
1 92
10 16
1 97
4 52
4 92
2 46
4 51
2 40
9 18
3 75
4 42
5 65
8 70
9 33
5 87
5 89
10 28
7 32
4 27
7 63
7 57
1 70
1 31
6 0
3 21
7 24
3 73
10 17
7 13
7 40
8 73
3 27
8 13
3 34
7 93
9 33
3 57
1 36
6 81
10 94
5 49
9 3
2 63
6 68
7 56
6 81
9 32
4 94
8 17
10 2
9 5
9 43
1 37
5 37
3 14
5 43
9 52
4 78
2 96
9 96
8 21
3 25
4 79
8 65
10 62
2 16
2 12
10 70
5 74
10 54
5 2
7 0
5 54
3 27
3 99
1 49
10 13
2 57
7 99
3 6
4 57
3 88
9 41
9 98
6 24
2 60
9 26
3 65
3 70
7 40
1 65
8 19
8 99
4 28
8 43
9 92
5 39
1 81
9 9
5 51
6 33
7 64
7 0
7 83
8 32
1 7
3 10
6 26
10 82
9 73
2 60
8 8
7 88
6 86
7 27
10 96
5 64
6 63
9 44
7 48
6 76
1 66
2 90
2 73
3 16
5 90
6 69
4 73
5 78
6 92
3 93
6 88
2 90
2 26
3 39
2 57
6 67
9 92
10 24
6 78
3 17
4 80
1 40
2 78
3 49
1 85
6 69
8 65
2 21
3 73
5 47
3 29
4 41
3 28
4 18
6 54
1 51
4 76
8 49
5 57
2 84
5 33
5 61
4 21
4 76
8 12
2 21
5 16
7 49
3 74
10 82
10 75
4 58
4 78
8 41
5 81
8 30
1 38
8 91
1 99
10 56
3 8
8 82
6 75
3 84
2 5
10 45
6 5
4 35
8 72
3 3
10 21
9 84
6 1
10 5
10 56
5 79
2 56
9 90
2 44
4 2
5 66
8 46
10 21
3 92
6 22
5 13
9 28
1 52
3 58
4 41
8 69
5 84
4 3
8 81
9 87
1 18
4 60
2 23
9 74
6 83
7 37
3 39
10 29
1 26
1 75
1 14
3 25
1 88
5 33
3 28
3 31
5 63
10 30
10 66
1 5
3 85
2 26
4 85
1 97
4 6
4 92
4 86
2 99
8 40
6 19
9 16
10 25
10 51
5 76
7 22
5 14
10 14
3 26
5 95
3 86
1 60
6 3
10 2
2 90
3 88
10 77
9 53
9 27
7 91
5 72
1 2
2 71
3 83
10 95
7 72
8 59
7 70
5 100
8 57
3 24
5 31
4 91
2 39
9 9
8 28
8 35
2 38
5 76
7 35
8 8
4 55
4 29
9 83
3 70
6 63
7 51
3 54
5 30
2 51
1 33
3 91
6 20
8 58
7 26
2 5
5 73
6 38
7 100
3 47
1 74
3 24
10 73
10 75
2 72
6 46
2 79
10 48
7 85
6 40
3 13
6 71
9 82
5 40
10 61
10 78
2 23
10 14
1 30
2 1
10 48
10 58
4 17
1 8
1 58
2 53
3 57
4 14
7 12
6 30
1 16
10 45
2 1
3 29
6 25
3 98
3 38
2 81
6 95
5 41
10 93
4 100
8 39
4 28
2 4
3 64
2 66
10 17
3 52
3 89
5 95
6 95
8 98
2 64
4 59
4 70
4 39
6 40
4 21
9 30
4 84
9 8
5 35
3 65
3 72
8 4
2 69
6 16
3 36
5 12
10 17
1 42
10 99
7 3
5 23
3 74
4 46
3 59
10 90
6 48
8 73
5 84
1 95
8 47
4 87
6 48
7 82
5 21
7 23
1 98
2 24
8 71
10 55
3 87
9 39
10 42
10 81
4 86
8 83
2 41
6 14
4 85
6 51
8 67
3 48
9 72
9 86
8 100
5 37
4 25
3 92
5 94
10 85
5 25
1 44
9 61
9 47
4 78
2 7
4 97
5 61
8 25
2 8
10 18
3 36
3 46
7 98
3 98
1 68
2 9
10 27
4 68
4 22
5 90
3 8
4 84
3 77
7 29
6 11
2 31
9 26
6 75
8 70
6 57
9 100
2 37
5 61
3 97
4 62
4 52
3 99
6 32
3 29
4 25
10 91
4 40
1 12
4 66
1 78
4 82
7 18
8 15
8 23
1 2
10 66
9 42
1 43
7 83
8 86
7 3
9 66
8 82
9 40
5 25
3 7
4 78
1 81
10 53
5 94
9 51
10 57
6 68
4 57
6 51
9 8
6 85
5 9
4 66
10 8
4 23
10 36
9 100
9 64
6 31
3 41
7 86
3 79
2 72
4 59
2 93
8 72
3 14
3 3
9 53
4 19
9 18
8 10
10 3
4 87
5 9
6 35
9 68
5 23
9 42
7 32
4 14
5 41
5 2
8 24
7 14
2 93
1 80
4 44
9 40
4 81
2 31
4 88
2 28
8 72
4 74
3 100
3 54
6 30
3 62
3 24
1 66
1 20
10 42
4 24
2 86
4 11
1 80
6 94
5 17
8 57
9 86
7 40
7 13
8 61
5 59
9 29
3 28
6 65
8 91
4 32
6 54
2 63
4 88
2 11
6 5
3 56
9 11
9 88
9 68
8 73
10 30
3 10
7 62
3 49
5 62
9 12
5 63
6 3
7 31
9 49
4 86
6 11
6 93
9 10
5 78
7 33
1 84
6 72
9 37
10 72
5 24
5 93
7 74
6 46
10 52
4 56
7 46
10 91
7 18
8 82
7 54
8 49
9 57
6 45
3 13
8 71
8 63
8 40
10 57
2 92
8 5
10 26
5 4
7 83
10 13
9 21
7 85
5 68
8 24
6 87
4 98
9 44
10 82
8 92
4 40
9 99
10 95
2 51
8 8
4 73
1 37
1 75
2 46
4 71
1 10
8 53
7 49
5 44
6 68
3 53
1 72
8 74
7 70
5 93
6 57
1 12
5 94
10 75
5 34
8 12
9 5
6 68
10 90
1 79
3 14
9 9
2 70
2 67
8 37
2 2
3 66
1 65
4 91
6 96
9 94
2 78
5 68
7 64
1 19
4 71
10 75
6 28
2 29
4 63
1 24
8 51
6 7
6 94
10 16
2 80
7 97
5 83
6 34
4 66
8 12
8 74
4 47
5 35
8 85
2 88
10 42
5 51
1 96
1 99
2 90
8 10
6 5
5 54
10 76
4 44
10 20
9 7
3 27
1 3
6 94
5 49
6 94
2 6
9 42
5 58
7 36
4 32
1 44
6 99
5 69
2 8
10 83
4 5
4 15
3 14
9 45
2 30
8 44
7 7
5 61
1 75
6 80
5 62
6 74
5 47
9 33
6 18
4 49
4 76
1 64
8 92
7 19
2 79
2 15
7 54
2 82
4 63
5 89
7 70
5 49
4 83
8 0
4 34
1 10
8 45
4 14
7 77
3 59
1 68
6 14
6 66
3 56
5 49
4 2
3 27
1 40
9 37
1 76
3 3
4 93
10 39
7 100
4 68
3 42
6 4
6 96
9 68
6 8
5 1
6 19
10 41
4 46
6 72
10 2
4 74
9 46
7 57
3 8
9 20
5 88
5 63
9 44
8 82
1 95
6 78
3 51
10 98
9 71
3 27
4 74
3 28
9 74
6 52
8 67
3 41
5 30
2 7
5 39
6 32
3 11
7 18
9 91
9 72
4 17
10 95
7 99
4 41
5 31
4 70
8 58
1 30
6 4
9 47
8 29
5 54
2 29
4 56
9 26
1 98
8 10
6 68
7 82
4 8
10 56
3 90
7 58
7 82
5 1
7 18
7 20
8 25
4 44
10 19
1 0
3 15
6 62
5 60
2 35
6 11
4 23
3 0
9 39
7 97
7 77
6 22
8 36
7 38
2 15
1 41
5 65
4 84
3 80
5 20
1 19
9 100
8 24
10 15
9 45
9 22
4 44
3 99
4 57
8 46
8 52
2 21
2 26
9 21
10 31
2 75
4 84
2 77
1 18
8 84
3 30
9 81
5 44
1 11
9 99
7 27
1 86
9 21
3 85
6 7
1 56
4 84
3 34
3 95
1 38
9 52
3 2
1 46
6 25
4 31
8 19
1 44
6 10
8 61
7 5
7 94
5 75
3 25
5 23
6 70
10 38
4 98
8 42
1 38
2 20
3 69
10 48
4 9
1 96
8 15
5 33
9 89
8 17
10 56
10 53
3 2
9 8
3 36
8 96
5 93
9 6
6 91
10 94
5 15
6 6
6 9
7 88
9 11
7 82
9 80
3 100
10 75
3 34
4 42
8 74
8 71
8 76
8 8
2 27
5 67
3 48
8 46
4 60
5 33
7 47
9 2
8 2
3 82
8 79
8 13
2 81
9 63
8 81
8 33
2 85
9 19
2 95
9 66
7 78
8 72
4 68
2 64
10 60
5 9
8 64
3 82
2 44
3 78
7 52
7 33
5 40
10 55
10 10
6 28
7 8
1 34
5 68
4 22
2 27
7 80
7 56
6 6
8 47
9 74
6 89
6 74
10 14
8 71
5 73
5 100
9 83
1 79
5 12
10 7
6 62
8 76
8 98
10 48
9 50
5 36
10 74
4 47
4 2
4 100
8 24
1 87
5 71
3 71
5 33
5 0
8 5
8 77
1 99
1 11
7 6
8 61
9 26
10 26
6 1
7 14
10 87
4 27
1 78
4 95
6 4
8 49
2 8
8 41
8 51
2 27
9 51
10 98
9 47
10 51
10 93
10 46
10 55
9 43
7 95
5 70
5 81
10 97
7 98
2 74
7 24
3 40
2 15
4 81
2 51
3 84
5 92
6 35
10 85
9 45
5 66
10 24
2 71
4 12
7 53
4 73
3 21
8 75
2 80
8 63
2 64
3 33
6 75
9 60
10 93
10 44
1 52
8 60
5 100
7 11
1 4
6 63
9 100
1 15
5 29
7 17
8 74
4 11
1 30
8 47
6 14
9 29
10 53
6 46
7 7
5 46
1 63
4 38
6 52
1 45
6 73
10 98
10 23
1 10
2 89
6 55
6 91
10 60
3 73
5 80
9 91
5 91
5 82
10 99
3 74
6 100
3 40
9 35
10 13
2 31
4 58
7 28
3 15
6 73
2 44
5 27
4 54
9 88
5 79
8 81
7 62
2 73
9 29
5 25
5 19
5 73
5 65
10 31
1 31
10 27
4 5
3 52
7 69
3 98
10 88
2 92
1 44
8 93
2 96
3 31
7 41
10 2
3 37
4 78
2 10
9 54
8 83
6 84
2 97
9 4
10 0
1 94
3 72
9 59
3 2
8 16
3 10
9 81
3 58
4 76
10 89
8 46
2 73
1 93
5 57
1 59
10 92
3 96
3 43
10 60
6 90
3 61
5 83
10 1
4 7
8 8
8 30
1 8
7 38
6 2
1 13
4 13
9 100
1 75
2 67
4 52
3 19
6 7
1 36
3 17
9 69
4 86
2 62
1 6
9 95
3 98
2 40
2 53
4 40
9 59
4 23
2 60
1 47
4 69
6 25
9 22
5 37
8 8
3 21
4 59
4 100
9 73
9 92
7 53
6 50
10 40
8 12
1 2
6 57
3 33
4 86
3 14
8 26
10 62
4 78
1 83
1 75
9 93
1 32
3 64
7 86
7 95
8 70
9 37
5 82
9 31
7 59
6 64
1 9
10 65
9 23
6 13
4 11
7 24
8 5
2 53
5 77
7 5
1 73
5 72
4 17
7 30
7 18
5 71
2 59
2 20
10 85
2 68
10 11
3 45
7 11
4 35
4 91
8 80
10 17
3 15
4 88
3 63
4 16
9 45
2 13
1 28
2 67
3 9
8 87
6 99
6 54
3 33
4 38
5 57
5 8
10 39
2 72
3 45
3 16
4 19
2 96
8 91
8 59
3 75
1 44
1 27
2 76
3 99
7 57
7 75
7 82
9 38
4 40
1 69
8 72
3 40
7 15
9 92
2 49
4 30
2 3
9 35
7 44
1 73
2 54
10 85
7 50
7 86
7 13
5 84
6 93
5 74
7 51
2 10
8 52
1 29
4 67
3 19
2 58
2 93
3 79
7 56
9 34
1 45
4 2
5 12
7 77
8 1
4 8
3 49
9 31
4 84
4 96
6 29
6 31
2 12
10 35
4 5
5 32
10 40
2 15
9 74
10 12
1 10
4 22
5 29
9 84
6 53
2 90
10 88
1 75
1 35
4 5
3 29
5 57
7 51
7 99
1 55
2 5
5 49
5 13
7 9
4 43
5 15
9 21
7 56
10 42
1 9
5 91
6 64
1 76
4 100
8 70
10 9
2 76
3 3
2 50
7 15
7 47
2 8
5 96
4 24
7 34
7 42
10 56
1 60
3 1
2 8
6 28
10 88
3 60
4 85
10 2
7 29
4 22
10 71
4 80
7 20
8 23
4 5
8 74
10 2
9 47
6 100
7 65
10 80
4 32
4 11
5 88
3 84
7 30
8 27
10 43
8 53
10 94
8 44
4 7
6 18
9 59
3 10
1 18
3 19
4 35
6 89
5 9
4 70
8 27
1 56
1 33
6 2
3 23
10 1
8 11
6 18
6 17
8 71
8 91
2 75
8 36
2 81
3 76
5 57
10 79
3 79
8 85
6 0
6 34
1 71
1 21
9 79
4 71
8 76
6 17
3 82
4 45
2 27
4 59
2 82
10 12
2 70
4 0
3 45
3 84
3 26
4 49
3 55
1 31
6 32
2 37
6 75
6 98
5 10
9 63
4 80
10 17
3 98
3 82
9 18
2 75
4 88
7 34
1 71
9 65
6 40
4 97
5 11
1 65
1 69
1 42
5 43
5 89
7 8
8 6
2 78
7 67
5 39
5 99
6 85
7 80
6 31
10 11
1 72
1 33
6 61
6 100
1 74
1 89
3 47
6 51
1 50
6 43
8 50
5 85
6 45
7 20
5 43
7 68
4 5
10 87
8 14
4 24
6 1
4 8
4 100
6 3
7 99
1 77
9 27
6 99
4 88
3 80
3 96
3 28
7 55
4 26
1 32
8 25
7 88
9 47
3 69
3 98
3 38
1 7
3 26
3 89
8 2
5 55
7 9
2 77
10 55
7 76
9 81
2 44
2 61
6 11
6 26
7 84
5 98
4 63
9 69
1 2
6 4
2 19
4 77
8 17
6 66
10 55
6 76
6 78
6 60
2 100
5 58
2 48
9 75
2 30
2 65
2 44
8 88
2 21
4 50
10 26
3 42
5 70
8 68
9 68
6 33
9 31
8 97
7 37
8 53
10 84
8 100
4 47
9 65
10 23
8 60
3 36
5 50
2 57
6 47
5 27
4 62
6 57
5 46
9 11
5 33
4 35
7 72
1 62
5 49
1 61
3 58
10 15
5 58
10 28
7 90
8 17
5 72
2 95
4 7
1 61
2 10
8 46
4 94
8 6
6 36
6 43
1 57
1 17
3 14
10 32
5 10
2 36
6 2
4 63
3 9
4 0
3 21
1 24
8 71
3 3
7 61
5 93
2 92
3 43
7 58
9 13
3 69
7 1
10 30
3 22
5 67
10 75
6 51
10 89
2 49
9 28
8 90
7 88
9 95
2 19
5 2
9 81
3 98
4 47
8 65
6 47
6 31
8 62
6 79
3 32
3 61
9 90
1 20
5 6
10 25
10 81
1 53
8 80
1 88
7 50
6 57
8 51
4 28
10 47
10 34
10 21
7 81
9 79
7 72
10 32
9 50
7 65
8 96
1 26
9 99
9 64
6 64
3 90
4 46
5 99
1 62
1 45
5 24
3 85
2 13
7 58
5 57
10 72
10 86
9 87
10 72
5 10
3 1
8 32
1 84
1 60
7 43
1 48
9 16
1 67
8 89
4 80
6 74
3 0
2 36
1 3
9 65
1 72
1 73
7 36
1 67
5 40
6 62
10 17
7 52
1 92
7 93
6 78
9 55
3 12
8 35
8 78
10 77
2 22
3 62
3 24
8 10
9 72
1 13
1 91
1 10
10 82
5 38
4 58
8 68
6 98
1 5
7 29
6 41
7 9
3 78
10 88
7 77
7 20
9 51
7 80
9 17
2 91
8 39
1 46
2 99
1 57
1 5
7 58
1 51
2 34
8 11
8 40
1 59
7 12
7 21
1 97
7 74
3 88
10 21
6 80
3 47
6 56
10 1
9 76
6 94
8 67
1 47
9 53
5 2
5 16
5 74
4 78
10 98
5 8
3 27
3 85
5 75
10 37
2 23
7 84
4 17
8 57
4 96
5 7
4 13
9 92
2 25
10 14
9 33
1 25
9 42
10 96
5 81
1 99
10 66
2 42
6 6
10 6
7 28
2 30
3 19
6 88
7 5
3 24
10 54
9 72
3 9
1 48
5 21
5 86
4 18
3 74
5 55
8 60
9 92
9 46
10 19
4 36
1 67
6 76
3 72
9 65
6 56
5 69
4 25
10 77
10 60
7 81
10 75
2 15
1 52
9 45
8 47
2 19
10 81
3 12
7 73
3 82
10 3
2 11
3 54
10 30
10 87
8 33
4 83
2 85
3 62
9 22
6 63
6 5
1 43
2 26
10 17
6 99
2 76
8 11
10 19
7 39
3 58
8 53
9 56
10 20
8 91
2 78
2 0
9 84
9 7
5 95
9 21
4 24
3 12
4 89
10 7
10 14
8 74
5 93
3 20
4 27
4 3
8 11
4 96
4 49
10 45
4 3
1 58
3 5
6 22
5 50
1 55
6 84
3 77
4 19
2 82
1 4
8 88
10 56
5 55
5 70
8 65
5 34
8 62
9 66
9 9
7 75
7 79
6 75
5 66
2 80
7 35
10 5
9 81
10 48
4 91
9 62
6 65
3 93
3 19
9 61
4 98
10 22
7 18
4 31
4 86
9 48
6 43
6 92
4 82
3 67
5 76
3 54
10 2
3 55
9 9
8 83
10 44
5 19
6 95
8 2
2 39
1 23
6 62
2 7
7 94
7 63
2 92
10 98
6 48
2 41
3 47
3 87
3 86
8 4
8 79
5 98
9 98
1 96
10 17
8 77
4 19
5 30
9 34
4 60
3 99
3 49
1 19
2 29
7 99
1 27
2 24
3 3
8 46
5 18
1 1
9 17
8 16
7 100
5 78
10 71
4 58
10 45
4 12
10 85
10 64
8 1
6 75
4 31
5 22
10 91
4 6
3 54
9 84
7 35
7 45
5 68
6 70
3 22
2 7
3 99
1 34
9 30
1 73
3 94
8 58
1 9
8 18
9 38
1 85
2 39
4 31
2 91
1 72
10 84
2 15
4 54
2 83
7 70
6 30
5 16
7 54
3 15
7 71
6 79
4 70
8 81
8 73
1 33
4 61
6 57
10 67
10 80
1 74
5 75
8 6
1 85
4 56
2 92
2 33
8 29
8 46
9 73
3 86
5 61
3 84
6 84
6 100
8 52
9 27
1 31
1 56
10 19
5 96
8 22
8 49
2 82
2 42
2 76
2 12
10 33
7 45
7 54
10 36
3 55
3 80
5 70
1 91
5 5
5 74
9 12
4 30
4 5
4 83
3 91
8 39
2 24
4 92
7 39
1 57
2 100
7 8
4 24
8 4
6 90
6 78
2 44
2 97
4 76
4 64
8 6
3 4
7 6
6 83
9 72
9 96
2 93
8 24
2 39
7 9
1 0
5 77
3 34
5 11
5 43
1 5
3 11
9 72
7 34
7 11
8 58
5 34
7 7
9 20
3 53
5 67
6 54
6 30
6 94
9 46
9 70
1 99
3 45
9 19
5 55
5 5
1 62
3 28
10 92
6 29
5 40
2 38
1 47
7 22
9 98
9 80
5 21
3 78
4 24
9 31
4 80
8 34
7 6
6 58
1 85
7 87
2 36
10 16
3 1
8 19
4 24
1 53
1 63
7 53
9 22
1 75
9 85
9 16
4 44
2 35
9 84
5 44
6 60
1 17
10 24
4 9
10 57
5 6
9 59
8 56
4 43
6 22
10 84
5 83
9 16
1 96
8 23
7 74
3 100
10 44
6 55
7 43
2 51
6 76
7 8
2 13
3 76
8 62
4 65
3 62
10 6
5 42
6 73
8 63
8 82
4 16
2 99
3 42
6 37
1 51
7 94
5 23
3 19
1 28
1 44
3 56
8 31
1 41
10 19
8 76
9 60
8 33
9 30
8 99
9 50
5 46
1 5
5 9
2 47
6 4
2 83
9 76
4 56
3 36
10 61
5 16
2 19
10 18
1 39
7 65
6 36
7 2
2 92
10 21
5 40
2 70
5 12
1 97
10 64
7 74
8 89
9 93
1 75
2 95
4 29
10 82
4 38
10 90
2 93
1 2
4 45
6 38
5 97
7 96
2 52
1 32
9 70
2 85
1 16
4 44
7 12
5 67
4 4
7 24
4 93
4 65
7 36
1 55
6 62
9 21
10 82
2 96
7 75
7 50
1 76
4 42
6 20
1 86
6 13
10 93
2 63
2 87
9 49
10 33
10 29
2 48
10 43
6 66
1 65
9 66
8 78
2 63
2 19
9 10
6 72
4 63
6 32
1 31
1 62
3 67
3 23
4 22
7 71
5 45
9 74
10 15
1 63
4 22
6 85
6 31
4 38
1 82
10 91
4 1
1 50
6 72
2 34
4 22
2 25
7 53
8 44
1 87
10 31
10 88
3 61
1 15
2 41
10 55
5 99
5 71
8 52
10 74
5 41
9 6
4 29
10 17
10 12
4 3
6 72
7 85
2 95
1 43
10 27
9 14
6 64
8 54
5 86
6 83
4 90
9 56
5 55
10 77
8 70
6 15
5 64
10 84
9 16
5 79
10 16
5 56
8 45
4 47
6 21
5 62
8 6
4 98
4 95
3 48
2 77
4 61
3 63
8 20
5 97
2 69
5 73
9 35
6 4
4 20
1 18
4 38
10 36
7 61
7 78
3 85
7 71
2 64
4 86
7 42
6 4
5 8
6 27
1 80
5 63
8 85
4 6
2 89
2 75
4 77
9 67
1 96
4 12
8 21
9 77
4 45
10 11
5 10
5 73
5 17
9 98
2 85
3 0
6 92
9 37
6 46
5 95
5 19
10 26
9 85
1 37
9 69
7 4
7 75
4 34
1 73
2 100
5 88
6 96
1 13
2 28
6 74
8 45
4 31
6 69
10 29
9 30
6 62
3 85
3 81
5 71
10 16
3 85
7 39
5 12
6 100
8 98
8 67
5 79
8 82
2 27
9 77
9 87
7 94
10 51
9 17
3 61
4 11
2 3
8 100
2 40
4 63
2 46
6 8
1 60
10 49
4 26
1 26
4 92
6 37
7 32
6 78
3 25
7 64
7 20
3 53
1 19
3 68
2 3
2 35
10 82
5 11
10 66
7 0
2 75
1 3
8 20
2 1
3 77
2 28
1 32
2 32
10 39
1 85
3 18
8 51
5 11
10 31
6 56
1 9
5 72
1 13
4 10
10 77
1 4
5 2
3 30
7 31
8 34
7 73
2 27
6 11
2 68
7 7
2 59
4 44
2 66
1 14
6 14
9 29
3 44
8 3
6 82
9 16
10 90
1 50
3 6
8 87
2 27
5 56
3 31
8 19
5 35
3 97
3 6
10 30
3 36
4 26
4 49
4 23
8 50
2 76
2 57
1 77
2 0
5 9
9 53
5 88
6 38
10 78
10 22
8 95
6 25
4 67
8 51
5 22
3 38
10 13
3 72
3 8
2 77
1 60
9 94
8 96
2 4
6 20
3 85
9 51
1 94
1 61
9 70
9 73
6 3
1 71
9 42
7 37
6 61
5 37
7 57
1 51
2 17
7 59
6 6
5 71
10 55
8 39
3 67
8 50
1 89
10 52
3 49
4 10
3 93
5 53
1 5
1 67
4 83
1 77
10 38
9 37
3 22
3 5
5 31
7 61
2 0
7 83
9 75
10 54
6 7
5 10
7 77
8 85
10 6
4 53
3 83
2 85
8 94
9 16
2 53
4 84
4 1
2 42
6 63
8 7
5 30
10 52
9 84
7 26
8 4
2 13
10 77
10 87
7 63
6 90
6 32
8 95
9 35
6 53
8 61
6 21
5 12
7 90
1 65
5 48
8 6
7 50
2 53
2 56
2 28
8 56
5 63
7 90
10 88
6 59
10 13
8 99
5 33
1 0
2 97
9 35
6 82
3 9
4 92
4 8
6 16
8 51
1 20
5 43
2 11
2 68
5 24
9 83
7 75
10 12
7 37
5 75
4 19
6 93
6 59
3 10
9 78
8 23
10 65
10 40
9 70
7 52
9 39
3 1
7 18
2 56
6 32
3 43
2 78
8 35
9 61
9 70
4 10
8 43
3 48
7 50
6 0
6 89
3 71
3 53
10 66
3 25
4 64
1 42
4 82
7 83
9 49
2 64
10 7
2 21
6 21
8 44
4 78
3 3
7 34
1 12
2 97
4 11
3 48
1 5
5 20
1 53
5 6
10 71
3 28
3 95
6 35
7 29
1 15
4 28
9 33
5 47
2 59
7 0
1 47
8 89
9 82
7 11
5 87
4 34
5 29
4 11
6 0
10 89
3 37
4 5
9 31
7 99
8 44
8 67
5 90
2 60
4 88
4 90
4 80
4 4
10 64
9 10
10 51
2 4
8 42
4 82
9 98
4 84
10 59
2 21
8 68
3 7
8 8
5 5
6 90
7 34
8 69
10 60
4 36
5 84
3 20
6 32
3 20
4 59
2 49
5 75
10 38
4 24
3 94
3 44
8 83
4 3
8 20
3 14
10 98
8 79
6 90
8 79
1 96
4 76
1 20
10 47
4 4
5 97
9 71
8 86
2 47
3 80
7 28
6 84
5 77
2 90
3 71
10 31
1 63
3 85
5 10
4 36
4 9
2 79
5 69
7 15
4 51
8 63
3 9
7 34
10 85
3 99
5 25
6 73
8 13
4 4
4 7
1 43
8 66
7 53
2 70
6 31
8 43
10 72
1 64
8 0
4 10
9 100
8 34
1 24
10 40
7 73
5 90
3 67
10 88
6 49
10 74
9 2
6 38
3 54
3 70
3 88
1 58
5 20
2 20
8 69
3 71
3 9
3 10
5 75
9 96
1 83
4 37
5 97
2 44
1 0
5 32
4 36
10 17
1 40
8 51
1 57
8 26
7 76
2 63
7 46
10 41
10 17
7 43
2 21
6 87
1 88
10 35
2 81
8 79
9 33
6 97
5 12
6 84
1 86
1 57
3 95
7 25
2 95
8 60
10 96
5 67
9 74
6 6
1 44
7 9
5 93
7 38
1 16
7 15
5 30
10 54
4 19
5 75
5 95
2 8
6 10
10 44
5 79
9 99
9 68
9 40
6 9
4 94
1 9
3 52
1 38
1 16
4 25
10 56
1 83
8 17
7 28
7 89
8 12
7 12
7 4
1 54
7 70
8 43
2 15
3 81
5 67
4 68
2 46
4 85
2 77
9 75
10 35
8 10
2 78
10 90
2 27
6 62
6 82
1 7
10 98
7 49
10 41
6 56
7 77
4 45
7 35
3 95
9 26
1 22
4 51
10 53
4 93
10 76
9 22
1 42
9 98
10 84
1 99
2 56
1 31
10 83
4 45
6 91
7 12
4 84
5 48
5 94
1 37
1 86
2 17
5 10
8 91
8 36
10 6
1 28
4 13
2 94
1 27
7 80
10 34
2 12
1 50
3 2
2 44
6 90
3 63
2 11
6 16
9 56
1 23
7 15
8 79
7 7
5 65
10 85
10 72
6 13
9 87
6 21
7 32
3 17
1 7
9 37
7 52
3 38
2 97
3 3
5 35
8 57
10 80
6 82
5 37
2 73
6 98
8 89
7 82
5 18
3 88
10 3
2 14
4 14
5 0
7 68
7 12
7 38
8 22
4 42
10 75
2 84
9 3
7 25
5 61
1 71
6 17
9 2
9 64
5 74
3 17
3 10
2 39
1 0
7 46
8 76
6 56
10 78
6 61
1 69
1 51
2 82
3 23
6 15
1 66
1 75
7 78
2 32
2 40
7 26
5 20
8 63
3 67
5 58
1 21
4 90
3 37
6 40
8 0
7 54
10 58
3 45
10 55
1 27
3 38
1 17
10 55
2 30
8 97
5 68
9 71
10 91
7 75
5 65
4 95
2 67
1 37
6 14
9 92
6 40
5 2
4 71
1 6
8 83
10 47
2 11
6 25
7 22
6 59
6 29
4 41
8 87
10 69
7 9
8 86
4 15
2 92
7 29
9 56
8 28
1 5
9 22
4 59
1 6
9 81
10 36
2 97
7 93
2 50
6 70
10 6
8 31
10 56
10 35
9 14
3 20
5 31
6 84
2 54
9 18
4 95
5 43
2 69
1 5
2 81
9 14
10 62
10 3
1 5
10 29
2 22
4 66
8 50
5 53
2 96
7 43
4 7
1 7
9 70
10 47
6 15
5 83
10 46
1 19
1 23
9 54
9 70
6 25
5 84
10 47
6 30
1 34
4 27
3 31
7 7
2 69
10 65
10 92
8 90
1 66
9 66
5 34
6 38
10 78
3 68
5 65
8 9
9 86
5 87
4 49
8 24
1 88
6 7
3 70
10 73
2 9
5 68
5 9
4 90
2 73
6 71
5 79
3 9
7 1
3 39
5 52
3 32
10 14
7 38
10 97
5 32
1 68
5 1
4 68
7 19
1 51
1 60
7 19
3 93
9 3
2 67
7 27
8 83
3 5
10 28
7 92
6 97
1 38
7 96
2 47
4 93
1 76
9 99
2 49
10 78
4 40
8 44
1 47
1 56
1 89
5 52
7 21
10 84
2 92
10 28
7 83
6 76
1 8
1 25
7 1
5 63
10 7
1 11
6 41
5 47
2 91
8 35
9 85
1 83
10 55
6 99
2 32
6 55
9 99
7 69
9 16
4 39
4 75
5 77
1 33
5 90
2 41
10 5
10 29
10 86
2 16
2 62
8 66
4 14
8 55
10 69
7 18
9 45
9 48
4 28
3 94
1 53
4 90
2 30
9 50
7 63
6 72
2 18
8 49
4 26
4 83
9 69
10 93
8 85
10 77
9 82
2 15
7 42
8 66
5 32
6 32
8 65
7 73
1 16
10 54
1 4
3 76
8 73
1 69
4 38
2 34
2 55
10 2
6 68
6 34
3 98
10 96
8 43
8 93
3 52
1 57
3 86
2 94
10 4
9 70
6 66
6 22
3 6
6 67
3 33
10 86
3 69
2 63
3 79
8 73
2 79
2 85
4 27
3 85
10 54
1 17
5 85
3 23
7 21
4 13
7 45
1 94
6 53
9 24
10 88
4 70
8 56
5 94
7 51
6 82
10 74
9 43
9 97
1 28
6 33
5 21
7 58
2 67
3 79
2 18
5 25
2 91
9 63
1 39
3 50
1 8
8 85
7 40
2 58
9 16
8 59
3 28
9 79
8 27
1 75
7 56
4 36
3 81
10 57
6 34
3 97
10 29
2 6
3 1
6 99
9 100
9 51
4 10
6 42
5 75
6 1
6 16
9 42
1 56
6 59
1 54
5 48
3 100
4 76
6 4
7 78
3 91
4 58
7 53
5 78
4 62
10 60
6 97
6 84
2 3
6 61
2 41
7 9
1 79
2 47
5 4
3 96
2 84
8 34
6 5
7 62
7 56
7 38
2 84
2 25
10 34
6 3
6 26
4 46
1 40
2 100
7 70
4 72
1 58
2 21
10 87
1 4
8 2
4 13
8 57
6 39
8 90
5 35
9 0
9 86
4 42
5 77
6 61
9 5
5 30
4 35
4 39
5 75
3 82
9 8
9 0
5 67
1 83
3 40
9 8
4 27
4 8
10 33
1 76
9 72
3 13
3 17
6 0
4 25
1 70
5 48
2 69
8 48
10 18
